Date,Open,High,Low,Close,Volume,OpenInt
2005-06-03,0,0,0,0,197345911,0
2005-06-17,0,0,0,0,2303814,0
2005-06-23,0,0,0,0,130125695,0
2006-01-20,0,0,0,0,186093170,0
2006-02-06,0,0,0,0,125740733,0
2006-02-19,0,0,0,0,12188612,0
2006-03-11,0,0,0,0,23055598,0
2006-06-15,0,0,0,0,33279204,0
2006-06-27,0,0,0,0,24428120,0
2006-07-02,0,0,0,0,36672222,0
2006-07-27,0,0,0,0,69345674,0
2006-07-31,0,0,0,0,156355971,0
2006-08-01,0,0,0,0,52480808,0
2006-08-20,0,0,0,0,190380707,0
2006-08-30,0,0,0,0,26563557,0
2006-09-03,0,0,0,0,240925186,0
2006-09-23,0,0,0,0,145579207,0
2006-09-27,0,0,0,0,49629770,0
2006-10-02,0,0,0,0,3514658,0
2006-10-03,0,0,0,0,290962316,0
2006-11-24,0,0,0,0,245477620,0
2006-12-03,0,0,0,0,77636523,0
2006-12-05,0,0,0,0,138680784,0
2006-12-06,0,0,0,0,95077116,0
2006-12-07,0,0,0,0,134159517,0
2006-12-16,0,0,0,0,56425933,0
2007-01-10,0,0,0,0,78648977,0
2007-01-14,0,0,0,0,164566370,0
2007-01-21,0,0,0,0,250416633,0
2007-01-29,0,0,0,0,159734354,0
2007-02-05,0,0,0,0,37980360,0
2007-02-09,0,0,0,0,59171622,0
2007-02-10,0,0,0,0,276583468,0
2007-02-12,0,0,0,0,6499812,0
2007-02-18,0,0,0,0,5513089,0
2007-02-20,0,0,0,0,189576683,0
2007-02-24,0,0,0,0,64876395,0
2007-02-27,0,0,0,0,247216423,0
2007-03-04,0,0,0,0,55813078,0
2007-03-09,0,0,0,0,48930778,0
2007-03-27,0,0,0,0,125835567,0
2007-04-03,0,0,0,0,230141728,0
2007-04-04,0,0,0,0,99910496,0
2007-04-06,0,0,0,0,29686694,0
2007-04-07,0,0,0,0,244169540,0
2007-04-14,0,0,0,0,249327714,0
2007-04-18,0,0,0,0,40316178,0
2007-04-24,0,0,0,0,253899481,0
2007-04-30,0,0,0,0,162196895,0
2007-05-04,0,0,0,0,213251876,0
2007-05-06,0,0,0,0,59277386,0
2007-05-11,0,0,0,0,98643254,0
2007-05-21,0,0,0,0,20056934,0
2007-05-26,0,0,0,0,44999628,0
2007-05-30,0,0,0,0,140675535,0
2007-05-31,0,0,0,0,174031455,0
2007-06-10,0,0,0,0,194220276,0
2007-06-18,0,0,0,0,224216163,0
2007-06-20,0,0,0,0,217761525,0
2007-06-21,0,0,0,0,175168588,0
2007-06-26,0,0,0,0,68621643,0
2007-06-27,0,0,0,0,116495893,0
2007-07-09,0,0,0,0,278524175,0
2007-07-10,0,0,0,0,659890,0
2007-07-12,0,0,0,0,210713074,0
2007-07-16,0,0,0,0,107369516,0
2007-07-17,0,0,0,0,148691666,0
2007-07-22,0,0,0,0,154554405,0
2007-07-24,0,0,0,0,276809608,0
2007-07-28,0,0,0,0,235032290,0
2007-08-02,0,0,0,0,165543096,0
2007-08-03,0,0,0,0,255231246,0
2007-08-10,0,0,0,0,180279479,0
2007-08-20,0,0,0,0,116697149,0
2007-08-24,0,0,0,0,258637914,0
2007-08-26,0,0,0,0,167644959,0
2007-08-28,0,0,0,0,27199896,0
2007-08-30,0,0,0,0,120053845,0
2007-09-10,0,0,0,0,46900006,0
2007-09-17,0,0,0,0,193036683,0
2007-09-18,0,0,0,0,53694761,0
2007-09-19,0,0,0,0,72874475,0
2007-09-25,0,0,0,0,114457756,0
2007-09-27,0,0,0,0,93930261,0
2007-09-28,0,0,0,0,53350995,0
2007-10-06,0,0,0,0,98629860,0
2007-10-10,0,0,0,0,134523240,0
2007-10-11,0,0,0,0,265698582,0
2007-10-16,0,0,0,0,108068662,0
2007-10-23,0,0,0,0,87592824,0
2007-10-24,0,0,0,0,219767071,0
2007-10-26,0,0,0,0,193737499,0
2007-10-29,0,0,0,0,255166248,0
2007-10-31,0,0,0,0,217516200,0
2007-11-02,0,0,0,0,251996598,0
2007-11-05,0,0,0,0,181637112,0
2007-11-10,0,0,0,0,31979218,0
2007-11-13,0,0,0,0,84322918,0
2007-11-15,0,0,0,0,89217372,0
2007-11-16,0,0,0,0,219473961,0
2007-11-17,0,0,0,0,82279464,0
2007-11-19,0,0,0,0,63602691,0
2007-11-20,0,0,0,0,228342335,0
2007-11-21,0,0,0,0,81282414,0
2007-11-23,0,0,0,0,204580965,0
2007-11-25,0,0,0,0,234236418,0
2007-11-26,0,0,0,0,223385267,0
2007-12-01,0,0,0,0,139677440,0
2007-12-07,0,0,0,0,236813390,0
2007-12-10,0,0,0,0,269081124,0
2007-12-13,0,0,0,0,59661789,0
2007-12-16,0,0,0,0,166070935,0
2007-12-18,0,0,0,0,212491912,0
2007-12-19,0,0,0,0,210776885,0
2007-12-23,0,0,0,0,4730241,0
2007-12-24,0,0,0,0,16308399,0
2007-12-25,0,0,0,0,13413392,0
2007-12-27,0,0,0,0,4061096,0
2007-12-28,0,0,0,0,259781900,0
2008-01-01,0,0,0,0,58388088,0
2008-01-08,0,0,0,0,164797013,0
2008-01-13,0,0,0,0,227666549,0
2008-01-15,0,0,0,0,7331017,0
2008-01-19,0,0,0,0,142286532,0
2008-01-20,0,0,0,0,263800520,0
2008-01-21,0,0,0,0,210471626,0
2008-01-27,0,0,0,0,106081384,0
2008-02-02,0,0,0,0,186101813,0
2008-02-03,0,0,0,0,176744044,0
2008-02-04,0,0,0,0,67284539,0
2008-02-05,0,0,0,0,191547972,0
2008-02-10,0,0,0,0,104097772,0
2008-02-11,0,0,0,0,72721757,0
2008-02-13,0,0,0,0,62616535,0
2008-02-14,0,0,0,0,282686374,0
2008-02-16,0,0,0,0,62061826,0
2008-02-18,0,0,0,0,145075881,0
2008-02-19,0,0,0,0,2193000,0
2008-02-21,0,0,0,0,238959147,0
2008-02-24,0,0,0,0,273363295,0
2008-02-27,0,0,0,0,65156026,0
2008-02-29,0,0,0,0,264157716,0
2008-03-03,0,0,0,0,231902817,0
2008-03-10,0,0,0,0,237350082,0
2008-03-11,0,0,0,0,209534742,0
2008-03-14,0,0,0,0,260470209,0
2008-03-17,0,0,0,0,214080985,0
2008-03-18,0,0,0,0,80613239,0
2008-03-19,0,0,0,0,231757127,0
2008-03-20,0,0,0,0,61861126,0
2008-03-25,0,0,0,0,209882263,0
2008-03-26,0,0,0,0,211873900,0
2008-03-28,0,0,0,0,216122315,0
2008-03-31,0,0,0,0,240029337,0
2008-04-03,0,0,0,0,226857779,0
2008-04-04,0,0,0,0,118599989,0
2008-04-10,0,0,0,0,3039027,0
2008-04-11,0,0,0,0,183056133,0
2008-04-15,0,0,0,0,91088457,0
2008-04-17,0,0,0,0,255653486,0
2008-04-23,0,0,0,0,220157618,0
2008-04-24,0,0,0,0,92375612,0
2008-04-27,0,0,0,0,11269057,0
2008-05-01,0,0,0,0,50946227,0
2008-05-03,0,0,0,0,57328377,0
2008-05-05,0,0,0,0,202072228,0
2008-05-08,0,0,0,0,254241622,0
2008-05-09,0,0,0,0,122782813,0
2008-05-10,0,0,0,0,227770588,0
2008-05-11,0,0,0,0,158178440,0
2008-05-12,0,0,0,0,270261141,0
2008-05-15,0,0,0,0,135283213,0
2008-05-17,0,0,0,0,207239407,0
2008-05-19,0,0,0,0,101231763,0
2008-05-22,0,0,0,0,194882396,0
2008-05-24,0,0,0,0,108988500,0
2008-05-31,0,0,0,0,35783001,0
2008-06-07,0,0,0,0,263948439,0
2008-06-09,0,0,0,0,111535052,0
2008-06-11,0,0,0,0,176733568,0
2008-06-12,0,0,0,0,227625351,0
2008-06-15,0,0,0,0,289327489,0
2008-06-18,0,0,0,0,116214875,0
2008-06-19,0,0,0,0,235824290,0
2008-06-22,0,0,0,0,129237984,0
2008-06-26,0,0,0,0,127218898,0
2008-06-27,0,0,0,0,18537334,0
2008-06-28,0,0,0,0,16099333,0
2008-07-02,0,0,0,0,207645833,0
2008-07-07,0,0,0,0,139154899,0
2008-07-08,0,0,0,0,211455198,0
2008-07-15,0,0,0,0,180004762,0
2008-07-18,0,0,0,0,148916703,0
2008-07-20,0,0,0,0,132613059,0
2008-07-21,0,0,0,0,160725854,0
2008-07-23,0,0,0,0,256904188,0
2008-07-24,0,0,0,0,275696544,0
2008-07-25,0,0,0,0,174075393,0
2008-07-28,0,0,0,0,144271529,0
2008-07-29,0,0,0,0,223352202,0
2008-07-31,0,0,0,0,177199813,0
2008-08-02,0,0,0,0,143381425,0
2008-08-06,0,0,0,0,31703473,0
2008-08-07,0,0,0,0,192395487,0
2008-08-13,0,0,0,0,254010207,0
2008-08-15,0,0,0,0,246082942,0
2008-08-16,0,0,0,0,127886420,0
2008-08-17,0,0,0,0,25424326,0
2008-08-20,0,0,0,0,48200265,0
2008-08-22,0,0,0,0,515587,0
2008-08-23,0,0,0,0,258184205,0
2008-08-24,0,0,0,0,122724726,0
2008-08-25,0,0,0,0,174784108,0
2008-08-27,0,0,0,0,248788655,0
2008-08-28,0,0,0,0,157396335,0
2008-08-30,0,0,0,0,108564009,0
2008-08-31,0,0,0,0,81229485,0
2008-09-05,0,0,0,0,258864028,0
2008-09-06,0,0,0,0,64512077,0
2008-09-07,0,0,0,0,87824312,0
2008-09-12,0,0,0,0,210025254,0
2008-09-23,0,0,0,0,276807564,0
2008-09-24,0,0,0,0,196853827,0
2008-09-26,0,0,0,0,39625383,0
2008-09-30,0,0,0,0,138723100,0
2008-10-07,0,0,0,0,238587916,0
2008-10-10,0,0,0,0,72265685,0
2008-10-17,0,0,0,0,95645183,0
2008-10-20,0,0,0,0,56121227,0
2008-10-22,0,0,0,0,188465874,0
2008-10-23,0,0,0,0,39840651,0
2008-10-25,0,0,0,0,11150906,0
2008-10-26,0,0,0,0,290443985,0
2008-10-27,0,0,0,0,31472632,0
2008-10-28,0,0,0,0,60638209,0
2008-10-29,0,0,0,0,248791660,0
2008-10-30,0,0,0,0,259385714,0
2008-10-31,0,0,0,0,267217917,0
2008-11-01,0,0,0,0,213245572,0
2008-11-02,0,0,0,0,87079005,0
2008-11-05,0,0,0,0,176229155,0
2008-11-08,0,0,0,0,177994904,0
2008-11-09,0,0,0,0,6261340,0
2008-11-11,0,0,0,0,101173479,0
2008-11-13,0,0,0,0,230989662,0
2008-11-15,0,0,0,0,45244090,0
2008-11-16,0,0,0,0,16715233,0
2008-11-20,0,0,0,0,244447771,0
2008-11-24,0,0,0,0,160269168,0
2008-11-27,0,0,0,0,6510796,0
2008-11-28,0,0,0,0,263473518,0
2008-12-02,0,0,0,0,6121366,0
2008-12-04,0,0,0,0,241024152,0
2008-12-06,0,0,0,0,185996968,0
2008-12-08,0,0,0,0,72719915,0
2008-12-10,0,0,0,0,288153638,0
2008-12-11,0,0,0,0,133074957,0
2008-12-12,0,0,0,0,271154378,0
2008-12-13,0,0,0,0,172746591,0
2008-12-15,0,0,0,0,65091613,0
2008-12-17,0,0,0,0,203576573,0
2008-12-22,0,0,0,0,82118068,0
2008-12-27,0,0,0,0,110280354,0
2008-12-29,0,0,0,0,96542212,0
2009-01-01,0,0,0,0,92063148,0
2009-01-05,0,0,0,0,279959545,0
2009-01-06,0,0,0,0,129035811,0
2009-01-10,0,0,0,0,272517076,0
2009-01-11,0,0,0,0,283293341,0
2009-01-13,0,0,0,0,249756138,0
2009-01-15,0,0,0,0,273394403,0
2009-01-17,0,0,0,0,142259660,0
2009-01-18,0,0,0,0,175248552,0
2009-01-21,0,0,0,0,104906573,0
2009-01-22,0,0,0,0,59282810,0
2009-01-23,0,0,0,0,79902523,0
2009-01-24,0,0,0,0,228133323,0
2009-01-26,0,0,0,0,238592967,0
2009-01-28,0,0,0,0,219818439,0
2009-01-31,0,0,0,0,107202173,0
2009-02-01,0,0,0,0,17998637,0
2009-02-03,0,0,0,0,218176359,0
2009-02-04,0,0,0,0,48191710,0
2009-02-07,0,0,0,0,69988048,0
2009-02-09,0,0,0,0,155243756,0
2009-02-10,0,0,0,0,31074659,0
2009-02-12,0,0,0,0,256552948,0
2009-02-15,0,0,0,0,199325260,0
2009-02-16,0,0,0,0,266255114,0
2009-02-17,0,0,0,0,287070151,0
2009-02-18,0,0,0,0,51886759,0
2009-02-20,0,0,0,0,46127482,0
2009-02-21,0,0,0,0,168182762,0
2009-02-22,0,0,0,0,19458128,0
2009-02-24,0,0,0,0,144253512,0
2009-02-26,0,0,0,0,117145871,0
2009-03-01,0,0,0,0,32966676,0
2009-03-04,0,0,0,0,212515977,0
2009-03-05,0,0,0,0,263351787,0
2009-03-06,0,0,0,0,122550674,0
2009-03-10,0,0,0,0,177066175,0
2009-03-11,0,0,0,0,14200832,0
2009-03-12,0,0,0,0,287651743,0
2009-03-14,0,0,0,0,110593860,0
2009-03-16,0,0,0,0,260931413,0
2009-03-19,0,0,0,0,261587001,0
2009-03-21,0,0,0,0,116914369,0
2009-03-23,0,0,0,0,148000682,0
2009-03-24,0,0,0,0,260248775,0
2009-03-26,0,0,0,0,167161323,0
2009-03-27,0,0,0,0,118846667,0
2009-03-28,0,0,0,0,64079339,0
2009-04-01,0,0,0,0,23157454,0
2009-04-03,0,0,0,0,263144241,0
2009-04-04,0,0,0,0,216453416,0
2009-04-05,0,0,0,0,174840426,0
2009-04-07,0,0,0,0,263926526,0
2009-04-12,0,0,0,0,163113883,0
2009-04-13,0,0,0,0,86353451,0
2009-04-14,0,0,0,0,267355633,0
2009-04-18,0,0,0,0,286709652,0
2009-04-19,0,0,0,0,75477623,0
2009-04-20,0,0,0,0,68668393,0
2009-04-24,0,0,0,0,132224874,0
2009-04-25,0,0,0,0,182111086,0
2009-04-26,0,0,0,0,31049062,0
2009-04-27,0,0,0,0,224007216,0
2009-04-29,0,0,0,0,5193001,0
2009-05-03,0,0,0,0,41801600,0
2009-05-04,0,0,0,0,213345200,0
2009-05-06,0,0,0,0,100358447,0
2009-05-08,0,0,0,0,265766095,0
2009-05-12,0,0,0,0,216489308,0
2009-05-13,0,0,0,0,257189701,0
2009-05-16,0,0,0,0,124051989,0
2009-05-19,0,0,0,0,27429489,0
2009-05-21,0,0,0,0,143806501,0
2009-05-22,0,0,0,0,285223977,0
2009-05-25,0,0,0,0,93986781,0
2009-05-28,0,0,0,0,109581578,0
2009-05-30,0,0,0,0,209737760,0
2009-05-31,0,0,0,0,151463913,0
2009-06-03,0,0,0,0,263575695,0
2009-06-04,0,0,0,0,127035444,0
2009-06-05,0,0,0,0,122526464,0
2009-06-06,0,0,0,0,292698531,0
2009-06-08,0,0,0,0,246722286,0
2009-06-09,0,0,0,0,28547550,0
2009-06-10,0,0,0,0,237430563,0
2009-06-11,0,0,0,0,131599753,0
2009-06-12,0,0,0,0,267401813,0
2009-06-13,0,0,0,0,256623932,0
2009-06-14,0,0,0,0,1289940,0
2009-06-17,0,0,0,0,104743366,0
2009-06-19,0,0,0,0,76643162,0
2009-06-21,0,0,0,0,231577416,0
2009-06-22,0,0,0,0,150818181,0
2009-06-24,0,0,0,0,187702983,0
2009-06-25,0,0,0,0,220017416,0
2009-06-26,0,0,0,0,198397779,0
2009-06-27,0,0,0,0,15320913,0
2009-06-29,0,0,0,0,289900862,0
2009-07-01,0,0,0,0,164318158,0
2009-07-03,0,0,0,0,53307804,0
2009-07-09,0,0,0,0,44280666,0
2009-07-10,0,0,0,0,60725487,0
2009-07-12,0,0,0,0,60238473,0
2009-07-13,0,0,0,0,208855236,0
2009-07-14,0,0,0,0,180959821,0
2009-07-15,0,0,0,0,113308717,0
2009-07-16,0,0,0,0,267847498,0
2009-07-17,0,0,0,0,159221757,0
2009-07-18,0,0,0,0,26447235,0
2009-07-20,0,0,0,0,159928316,0
2009-07-24,0,0,0,0,230099591,0
2009-07-27,0,0,0,0,60622510,0
2009-07-28,0,0,0,0,235901177,0
2009-07-30,0,0,0,0,24848299,0
2009-07-31,0,0,0,0,179540584,0
2009-08-01,0,0,0,0,92614256,0
2009-08-04,0,0,0,0,174487071,0
2009-08-05,0,0,0,0,47070703,0
2009-08-09,0,0,0,0,251739617,0
2009-08-10,0,0,0,0,110397289,0
2009-08-14,0,0,0,0,275831955,0
2009-08-15,0,0,0,0,264696852,0
2009-08-16,0,0,0,0,165766920,0
2009-08-18,0,0,0,0,260410481,0
2009-08-19,0,0,0,0,83918353,0
2009-08-20,0,0,0,0,60996374,0
2009-08-22,0,0,0,0,216371385,0
2009-08-23,0,0,0,0,243191789,0
2009-08-24,0,0,0,0,179607561,0
2009-08-25,0,0,0,0,92959755,0
2009-08-26,0,0,0,0,248770167,0
2009-08-27,0,0,0,0,206507415,0
2009-08-29,0,0,0,0,44184134,0
2009-08-30,0,0,0,0,162321452,0
2009-08-31,0,0,0,0,27147110,0
2009-09-04,0,0,0,0,170678031,0
2009-09-05,0,0,0,0,3999333,0
2009-09-06,0,0,0,0,280942174,0
2009-09-10,0,0,0,0,202969407,0
2009-09-11,0,0,0,0,51369963,0
2009-09-13,0,0,0,0,152680087,0
2009-09-14,0,0,0,0,238071619,0
2009-09-17,0,0,0,0,241328184,0
2009-09-18,0,0,0,0,264284724,0
2009-09-21,0,0,0,0,9789175,0
2009-09-22,0,0,0,0,169601361,0
2009-09-23,0,0,0,0,291243210,0
2009-09-24,0,0,0,0,221969705,0
2009-09-27,0,0,0,0,110047544,0
2009-09-29,0,0,0,0,246552701,0
2009-09-30,0,0,0,0,82297222,0
2009-10-01,0,0,0,0,182752759,0
2009-10-04,0,0,0,0,113469207,0
2009-10-06,0,0,0,0,186483769,0
2009-10-08,0,0,0,0,216537305,0
2009-10-09,0,0,0,0,152159802,0
2009-10-12,0,0,0,0,88869178,0
2009-10-13,0,0,0,0,274654103,0
2009-10-14,0,0,0,0,250848076,0
2009-10-17,0,0,0,0,245509727,0
2009-10-19,0,0,0,0,122073316,0
2009-10-20,0,0,0,0,181866802,0
2009-10-23,0,0,0,0,257636822,0
2009-10-24,0,0,0,0,153380895,0
2009-10-26,0,0,0,0,174826066,0
2009-10-27,0,0,0,0,270557715,0
2009-10-28,0,0,0,0,188670054,0
2009-10-29,0,0,0,0,201183209,0
2009-10-30,0,0,0,0,231990971,0
2009-10-31,0,0,0,0,170308705,0
2009-11-01,0,0,0,0,90172728,0
2009-11-02,0,0,0,0,145017591,0
2009-11-03,0,0,0,0,88844170,0
2009-11-07,0,0,0,0,106032970,0
2009-11-08,0,0,0,0,113844466,0
2009-11-12,0,0,0,0,142255246,0
2009-11-13,0,0,0,0,218542708,0
2009-11-15,0,0,0,0,197381929,0
2009-11-18,0,0,0,0,42306651,0
2009-11-19,0,0,0,0,84650060,0
2009-11-21,0,0,0,0,212834131,0
2009-11-22,0,0,0,0,266013023,0
2009-11-25,0,0,0,0,231925617,0
2009-11-27,0,0,0,0,19547749,0
2009-11-29,0,0,0,0,51299839,0
2009-12-01,0,0,0,0,115144289,0
2009-12-02,0,0,0,0,291586815,0
2009-12-03,0,0,0,0,60224953,0
2009-12-04,0,0,0,0,54291763,0
2009-12-06,0,0,0,0,235199621,0
2009-12-10,0,0,0,0,240266097,0
2009-12-12,0,0,0,0,225590093,0
2009-12-13,0,0,0,0,94912910,0
2009-12-14,0,0,0,0,166262338,0
2009-12-15,0,0,0,0,214398595,0
2009-12-16,0,0,0,0,136156664,0
2009-12-17,0,0,0,0,156501087,0
2009-12-18,0,0,0,0,149203500,0
2009-12-19,0,0,0,0,128448281,0
2009-12-20,0,0,0,0,69628263,0
2009-12-21,0,0,0,0,287323548,0
2009-12-23,0,0,0,0,245688430,0
2009-12-25,0,0,0,0,35400201,0
2009-12-28,0,0,0,0,62707836,0
2009-12-29,0,0,0,0,5682774,0
2009-12-31,0,0,0,0,178670551,0
2010-01-03,0,0,0,0,176925788,0
2010-01-04,0,0,0,0,12417390,0
2010-01-05,0,0,0,0,239769538,0
2010-01-06,0,0,0,0,61867846,0
2010-01-07,0,0,0,0,83524593,0
2010-01-11,0,0,0,0,19773212,0
2010-01-12,0,0,0,0,191578366,0
2010-01-18,0,0,0,0,173340376,0
2010-01-21,0,0,0,0,40269582,0
2010-01-22,0,0,0,0,64099815,0
2010-01-23,0,0,0,0,18727413,0
2010-01-25,0,0,0,0,247631173,0
2010-01-27,0,0,0,0,100758382,0
2010-01-28,0,0,0,0,141661419,0
2010-01-30,0,0,0,0,12349656,0
2010-01-31,0,0,0,0,71504395,0
2010-02-01,0,0,0,0,94893849,0
2010-02-02,0,0,0,0,177073205,0
2010-02-04,0,0,0,0,150604600,0
2010-02-05,0,0,0,0,113672478,0
2010-02-06,0,0,0,0,105125675,0
2010-02-07,0,0,0,0,278321766,0
2010-02-08,0,0,0,0,184709773,0
2010-02-09,0,0,0,0,96859675,0
2010-02-10,0,0,0,0,186303650,0
2010-02-11,0,0,0,0,103750188,0
2010-02-12,0,0,0,0,227448872,0
2010-02-13,0,0,0,0,190467736,0
2010-02-14,0,0,0,0,44652468,0
2010-02-18,0,0,0,0,32866134,0
2010-02-21,0,0,0,0,151453605,0
2010-02-22,0,0,0,0,49950329,0
2010-02-24,0,0,0,0,26061730,0
2010-02-25,0,0,0,0,189764264,0
2010-02-26,0,0,0,0,148743459,0
2010-02-28,0,0,0,0,185204074,0
2010-03-03,0,0,0,0,290683723,0
2010-03-04,0,0,0,0,22016091,0
2010-03-05,0,0,0,0,236509483,0
2010-03-08,0,0,0,0,145083317,0
2010-03-10,0,0,0,0,56624187,0
2010-03-11,0,0,0,0,261134434,0
2010-03-16,0,0,0,0,105203207,0
2010-03-18,0,0,0,0,94986883,0
2010-03-19,0,0,0,0,222083785,0
2010-03-20,0,0,0,0,177928593,0
2010-03-23,0,0,0,0,54972551,0
2010-03-27,0,0,0,0,57689369,0
2010-03-28,0,0,0,0,101088719,0
2010-03-29,0,0,0,0,262208803,0
2010-03-30,0,0,0,0,34081931,0
2010-03-31,0,0,0,0,226451006,0
2010-04-01,0,0,0,0,17327965,0
2010-04-02,0,0,0,0,10181303,0
2010-04-03,0,0,0,0,42725623,0
2010-04-04,0,0,0,0,124922566,0
2010-04-05,0,0,0,0,204223852,0
2010-04-06,0,0,0,0,83764689,0
2010-04-07,0,0,0,0,62117301,0
2010-04-08,0,0,0,0,273422340,0
2010-04-10,0,0,0,0,273026240,0
2010-04-11,0,0,0,0,3380904,0
2010-04-12,0,0,0,0,166778503,0
2010-04-13,0,0,0,0,127040496,0
2010-04-14,0,0,0,0,10095505,0
2010-04-15,0,0,0,0,278502672,0
2010-04-16,0,0,0,0,124934840,0
2010-04-17,0,0,0,0,154215028,0
2010-04-18,0,0,0,0,15475561,0
2010-04-20,0,0,0,0,248414669,0
2010-04-21,0,0,0,0,1559308,0
2010-04-22,0,0,0,0,55810551,0
2010-04-25,0,0,0,0,254293330,0
2010-04-26,0,0,0,0,254486240,0
2010-04-27,0,0,0,0,106012484,0
2010-05-02,0,0,0,0,14216438,0
2010-05-03,0,0,0,0,261892703,0
2010-05-04,0,0,0,0,290389348,0
2010-05-05,0,0,0,0,291955836,0
2010-05-07,0,0,0,0,217790016,0
2010-05-08,0,0,0,0,119947916,0
2010-05-09,0,0,0,0,47375878,0
2010-05-10,0,0,0,0,265275552,0
2010-05-11,0,0,0,0,137126750,0
2010-05-12,0,0,0,0,206627597,0
2010-05-13,0,0,0,0,140193193,0
2010-05-15,0,0,0,0,113678278,0
2010-05-16,0,0,0,0,206556189,0
2010-05-19,0,0,0,0,151915424,0
2010-05-20,0,0,0,0,193260009,0
2010-05-25,0,0,0,0,54680822,0
2010-05-27,0,0,0,0,220807459,0
2010-05-28,0,0,0,0,112932804,0
2010-05-31,0,0,0,0,51391816,0
2010-06-01,0,0,0,0,63184061,0
2010-06-02,0,0,0,0,82821213,0
2010-06-04,0,0,0,0,32454021,0
2010-06-06,0,0,0,0,161451002,0
2010-06-07,0,0,0,0,82149559,0
2010-06-08,0,0,0,0,8763479,0
2010-06-09,0,0,0,0,118976457,0
2010-06-11,0,0,0,0,115392560,0
2010-06-13,0,0,0,0,57825294,0
2010-06-15,0,0,0,0,290909500,0
2010-06-17,0,0,0,0,270538018,0
2010-06-18,0,0,0,0,88908800,0
2010-06-20,0,0,0,0,2501703,0
2010-06-21,0,0,0,0,112895396,0
2010-06-22,0,0,0,0,142602311,0
2010-06-23,0,0,0,0,11258050,0
2010-06-24,0,0,0,0,224780551,0
2010-06-25,0,0,0,0,39703490,0
2010-06-26,0,0,0,0,171529949,0
2010-06-28,0,0,0,0,127532047,0
2010-06-29,0,0,0,0,29925547,0
2010-06-30,0,0,0,0,140264563,0
2010-07-01,0,0,0,0,271635456,0
2010-07-03,0,0,0,0,40895257,0
2010-07-05,0,0,0,0,22911208,0
2010-07-08,0,0,0,0,231834017,0
2010-07-09,0,0,0,0,269313225,0
2010-07-10,0,0,0,0,142394166,0
2010-07-14,0,0,0,0,157222849,0
2010-07-16,0,0,0,0,216022560,0
2010-07-18,0,0,0,0,35905392,0
2010-07-19,0,0,0,0,81408114,0
2010-07-20,0,0,0,0,10908192,0
2010-07-21,0,0,0,0,126493864,0
2010-07-22,0,0,0,0,62564249,0
2010-07-23,0,0,0,0,147274397,0
2010-07-27,0,0,0,0,253652525,0
2010-07-28,0,0,0,0,114154609,0
2010-07-31,0,0,0,0,169970657,0
2010-08-01,0,0,0,0,37244911,0
2010-08-02,0,0,0,0,79291870,0
2010-08-03,0,0,0,0,236309976,0
2010-08-04,0,0,0,0,257468640,0
2010-08-05,0,0,0,0,51479357,0
2010-08-06,0,0,0,0,97258725,0
2010-08-07,0,0,0,0,192518555,0
2010-08-08,0,0,0,0,64219685,0
2010-08-09,0,0,0,0,13388872,0
2010-08-10,0,0,0,0,221510942,0
2010-08-11,0,0,0,0,73105038,0
2010-08-12,0,0,0,0,275555888,0
2010-08-13,0,0,0,0,88741893,0
2010-08-15,0,0,0,0,133563743,0
2010-08-16,0,0,0,0,6670949,0
2010-08-18,0,0,0,0,237970401,0
2010-08-19,0,0,0,0,276308858,0
2010-08-20,0,0,0,0,136341421,0
2010-08-21,0,0,0,0,1283623,0
2010-08-22,0,0,0,0,26442460,0
2010-08-23,0,0,0,0,75288034,0
2010-08-25,0,0,0,0,118406318,0
2010-08-29,0,0,0,0,86379902,0
2010-08-31,0,0,0,0,196333217,0
2010-09-01,0,0,0,0,165941201,0
2010-09-02,0,0,0,0,188908908,0
2010-09-03,0,0,0,0,53530708,0
2010-09-06,0,0,0,0,99733986,0
2010-09-07,0,0,0,0,59341568,0
2010-09-09,0,0,0,0,157163464,0
2010-09-10,0,0,0,0,139523829,0
2010-09-11,0,0,0,0,268691852,0
2010-09-12,0,0,0,0,35732963,0
2010-09-13,0,0,0,0,247874063,0
2010-09-16,0,0,0,0,216564341,0
2010-09-18,0,0,0,0,203321625,0
2010-09-19,0,0,0,0,184601638,0
2010-09-21,0,0,0,0,105472330,0
2010-09-22,0,0,0,0,248544787,0
2010-09-23,0,0,0,0,62706001,0
2010-09-24,0,0,0,0,149802443,0
2010-09-29,0,0,0,0,159715718,0
2010-09-30,0,0,0,0,211091140,0
2010-10-03,0,0,0,0,253235837,0
2010-10-04,0,0,0,0,215416014,0
2010-10-05,0,0,0,0,278862100,0
2010-10-06,0,0,0,0,14893769,0
2010-10-07,0,0,0,0,159498247,0
2010-10-09,0,0,0,0,261289797,0
2010-10-10,0,0,0,0,6502975,0
2010-10-11,0,0,0,0,198627773,0
2010-10-12,0,0,0,0,125963616,0
2010-10-13,0,0,0,0,147689224,0
2010-10-14,0,0,0,0,135998900,0
2010-10-15,0,0,0,0,268212955,0
2010-10-17,0,0,0,0,250721988,0
2010-10-18,0,0,0,0,46246064,0
2010-10-19,0,0,0,0,178164749,0
2010-10-20,0,0,0,0,205135720,0
2010-10-25,0,0,0,0,32887761,0
2010-10-26,0,0,0,0,127474893,0
2010-10-27,0,0,0,0,55100524,0
2010-10-29,0,0,0,0,126546225,0
2010-10-30,0,0,0,0,183789280,0
2010-10-31,0,0,0,0,102272524,0
2010-11-02,0,0,0,0,190811725,0
2010-11-03,0,0,0,0,171268180,0
2010-11-06,0,0,0,0,123837974,0
2010-11-09,0,0,0,0,63428154,0
2010-11-10,0,0,0,0,233664769,0
2010-11-11,0,0,0,0,194136209,0
2010-11-12,0,0,0,0,293637581,0
2010-11-13,0,0,0,0,208844595,0
2010-11-14,0,0,0,0,88378555,0
2010-11-15,0,0,0,0,271763712,0
2010-11-16,0,0,0,0,186320909,0
2010-11-18,0,0,0,0,128434457,0
2010-11-19,0,0,0,0,230436056,0
2010-11-20,0,0,0,0,241050315,0
2010-11-24,0,0,0,0,88242182,0
2010-11-25,0,0,0,0,10204168,0
2010-11-27,0,0,0,0,225901956,0
2010-11-28,0,0,0,0,292912704,0
2010-11-30,0,0,0,0,2146215,0
2010-12-01,0,0,0,0,230028898,0
2010-12-02,0,0,0,0,113726415,0
2010-12-03,0,0,0,0,100785124,0
2010-12-04,0,0,0,0,159601072,0
2010-12-05,0,0,0,0,164788542,0
2010-12-06,0,0,0,0,235680745,0
2010-12-08,0,0,0,0,235977471,0
2010-12-09,0,0,0,0,26908734,0
2010-12-10,0,0,0,0,60434334,0
2010-12-13,0,0,0,0,79117641,0
2010-12-14,0,0,0,0,233582327,0
2010-12-15,0,0,0,0,178156076,0
2010-12-16,0,0,0,0,182059602,0
2010-12-17,0,0,0,0,240940059,0
2010-12-18,0,0,0,0,227768476,0
2010-12-19,0,0,0,0,70658237,0
2010-12-24,0,0,0,0,258205541,0
2010-12-26,0,0,0,0,81549250,0
2010-12-27,0,0,0,0,197281615,0
2010-12-28,0,0,0,0,180071901,0
2010-12-29,0,0,0,0,5455142,0
2010-12-31,0,0,0,0,73660087,0
2011-01-03,0,0,0,0,44836174,0
2011-01-04,0,0,0,0,15193200,0
2011-01-05,0,0,0,0,177522010,0
2011-01-06,0,0,0,0,99218178,0
2011-01-08,0,0,0,0,6480349,0
2011-01-09,0,0,0,0,119415166,0
2011-01-11,0,0,0,0,464163,0
2011-01-12,0,0,0,0,160244641,0
2011-01-14,0,0,0,0,145413584,0
2011-01-15,0,0,0,0,285507123,0
2011-01-16,0,0,0,0,73199704,0
2011-01-18,0,0,0,0,106811145,0
2011-01-19,0,0,0,0,187272811,0
2011-01-21,0,0,0,0,66358509,0
2011-01-23,0,0,0,0,15531245,0
2011-01-25,0,0,0,0,52323315,0
2011-01-26,0,0,0,0,263148768,0
2011-01-27,0,0,0,0,23890962,0
2011-01-28,0,0,0,0,48161721,0
2011-02-01,0,0,0,0,181198503,0
2011-02-02,0,0,0,0,94986909,0
2011-02-03,0,0,0,0,101382156,0
2011-02-04,0,0,0,0,209060526,0
2011-02-06,0,0,0,0,101212226,0
2011-02-07,0,0,0,0,52800027,0
2011-02-08,0,0,0,0,251015756,0
2011-02-09,0,0,0,0,213790273,0
2011-02-10,0,0,0,0,140392583,0
2011-02-11,0,0,0,0,291509950,0
2011-02-12,0,0,0,0,250509644,0
2011-02-14,0,0,0,0,284008733,0
2011-02-15,0,0,0,0,52340428,0
2011-02-16,0,0,0,0,33212763,0
2011-02-17,0,0,0,0,175056134,0
2011-02-18,0,0,0,0,220772722,0
2011-02-19,0,0,0,0,76538730,0
2011-02-20,0,0,0,0,128279324,0
2011-02-21,0,0,0,0,163930532,0
2011-02-22,0,0,0,0,133361405,0
2011-02-24,0,0,0,0,152986899,0
2011-02-25,0,0,0,0,100149605,0
2011-02-27,0,0,0,0,1744942,0
2011-03-01,0,0,0,0,144447737,0
2011-03-02,0,0,0,0,59484232,0
2011-03-03,0,0,0,0,236573739,0
2011-03-04,0,0,0,0,255207785,0
2011-03-05,0,0,0,0,202532023,0
2011-03-06,0,0,0,0,219888255,0
2011-03-07,0,0,0,0,108364668,0
2011-03-08,0,0,0,0,248381290,0
2011-03-09,0,0,0,0,138854777,0
2011-03-10,0,0,0,0,53794482,0
2011-03-11,0,0,0,0,202084217,0
2011-03-15,0,0,0,0,232641116,0
2011-03-17,0,0,0,0,66341830,0
2011-03-18,0,0,0,0,57179010,0
2011-03-21,0,0,0,0,26012204,0
2011-03-22,0,0,0,0,100234405,0
2011-03-23,0,0,0,0,250391107,0
2011-03-24,0,0,0,0,105380378,0
2011-03-25,0,0,0,0,256596165,0
2011-03-27,0,0,0,0,53998420,0
2011-03-28,0,0,0,0,168841268,0
2011-03-30,0,0,0,0,25654846,0
2011-03-31,0,0,0,0,178616351,0
2011-04-04,0,0,0,0,202703342,0
2011-04-05,0,0,0,0,73562490,0
2011-04-06,0,0,0,0,249094932,0
2011-04-07,0,0,0,0,40700395,0
2011-04-11,0,0,0,0,279614783,0
2011-04-12,0,0,0,0,177232385,0
2011-04-16,0,0,0,0,275174,0
2011-04-17,0,0,0,0,158081001,0
2011-04-18,0,0,0,0,62838135,0
2011-04-19,0,0,0,0,29543519,0
2011-04-21,0,0,0,0,82188650,0
2011-04-22,0,0,0,0,271085412,0
2011-04-25,0,0,0,0,148169327,0
2011-04-26,0,0,0,0,172438038,0
2011-04-28,0,0,0,0,56083763,0
2011-04-29,0,0,0,0,13652713,0
2011-04-30,0,0,0,0,111038732,0
2011-05-02,0,0,0,0,156608012,0
2011-05-03,0,0,0,0,294095457,0
2011-05-04,0,0,0,0,52002170,0
2011-05-05,0,0,0,0,230528092,0
2011-05-06,0,0,0,0,213753121,0
2011-05-07,0,0,0,0,209643,0
2011-05-09,0,0,0,0,262865426,0
2011-05-10,0,0,0,0,160661724,0
2011-05-11,0,0,0,0,66931776,0
2011-05-13,0,0,0,0,129085893,0
2011-05-14,0,0,0,0,27701008,0
2011-05-15,0,0,0,0,262306682,0
2011-05-19,0,0,0,0,147189383,0
2011-05-21,0,0,0,0,201753516,0
2011-05-22,0,0,0,0,150289279,0
2011-05-23,0,0,0,0,160485015,0
2011-05-24,0,0,0,0,118080778,0
2011-05-25,0,0,0,0,206054677,0
2011-05-27,0,0,0,0,213242124,0
2011-05-30,0,0,0,0,34835496,0
2011-05-31,0,0,0,0,164846407,0
2011-06-01,0,0,0,0,87653623,0
2011-06-03,0,0,0,0,128220961,0
2011-06-06,0,0,0,0,184073722,0
2011-06-08,0,0,0,0,169995036,0
2011-06-09,0,0,0,0,33602464,0
2011-06-11,0,0,0,0,9520608,0
2011-06-15,0,0,0,0,252153229,0
2011-06-16,0,0,0,0,293907896,0
2011-06-17,0,0,0,0,265509561,0
2011-06-19,0,0,0,0,184902624,0
2011-06-21,0,0,0,0,76859642,0
2011-06-25,0,0,0,0,273465446,0
2011-06-26,0,0,0,0,267467925,0
2011-06-27,0,0,0,0,261791081,0
2011-06-28,0,0,0,0,58606534,0
2011-06-29,0,0,0,0,61165254,0
2011-07-01,0,0,0,0,194784682,0
2011-07-02,0,0,0,0,224287460,0
2011-07-03,0,0,0,0,196948591,0
2011-07-04,0,0,0,0,61068086,0
2011-07-05,0,0,0,0,260716267,0
2011-07-06,0,0,0,0,21761183,0
2011-07-07,0,0,0,0,286453803,0
2011-07-08,0,0,0,0,84251323,0
2011-07-11,0,0,0,0,253488361,0
2011-07-14,0,0,0,0,157772231,0
2011-07-15,0,0,0,0,121575790,0
2011-07-16,0,0,0,0,141667060,0
2011-07-17,0,0,0,0,77047100,0
2011-07-18,0,0,0,0,284156988,0
2011-07-19,0,0,0,0,14798011,0
2011-07-20,0,0,0,0,248373513,0
2011-07-23,0,0,0,0,246286858,0
2011-07-26,0,0,0,0,256268158,0
2011-07-28,0,0,0,0,216520668,0
2011-08-01,0,0,0,0,130177201,0
2011-08-02,0,0,0,0,148689727,0
2011-08-04,0,0,0,0,193654035,0
2011-08-06,0,0,0,0,13853479,0
2011-08-07,0,0,0,0,67627403,0
2011-08-08,0,0,0,0,62942498,0
2011-08-10,0,0,0,0,200140838,0
2011-08-11,0,0,0,0,148840638,0
2011-08-12,0,0,0,0,153147165,0
2011-08-13,0,0,0,0,157586605,0
2011-08-15,0,0,0,0,267628226,0
2011-08-16,0,0,0,0,242113549,0
2011-08-17,0,0,0,0,159760275,0
2011-08-18,0,0,0,0,239001954,0
2011-08-19,0,0,0,0,116961300,0
2011-08-20,0,0,0,0,262778822,0
2011-08-22,0,0,0,0,137037388,0
2011-08-23,0,0,0,0,172084899,0
2011-08-24,0,0,0,0,116203267,0
2011-08-25,0,0,0,0,261791431,0
2011-08-26,0,0,0,0,44302280,0
2011-08-27,0,0,0,0,283322899,0
2011-08-28,0,0,0,0,70564943,0
2011-08-31,0,0,0,0,78333584,0
2011-09-01,0,0,0,0,68139750,0
2011-09-02,0,0,0,0,157656675,0
2011-09-03,0,0,0,0,26525335,0
2011-09-05,0,0,0,0,184347740,0
2011-09-08,0,0,0,0,67682162,0
2011-09-09,0,0,0,0,263025211,0
2011-09-10,0,0,0,0,282197439,0
2011-09-11,0,0,0,0,110189119,0
2011-09-12,0,0,0,0,91306184,0
2011-09-13,0,0,0,0,94039466,0
2011-09-14,0,0,0,0,103321161,0
2011-09-16,0,0,0,0,149729589,0
2011-09-19,0,0,0,0,259907288,0
2011-09-20,0,0,0,0,176743264,0
2011-09-21,0,0,0,0,124594724,0
2011-09-22,0,0,0,0,232407945,0
2011-09-23,0,0,0,0,218480263,0
2011-09-25,0,0,0,0,133551246,0
2011-09-26,0,0,0,0,187849067,0
2011-09-27,0,0,0,0,268440175,0
2011-09-29,0,0,0,0,77519178,0
2011-10-01,0,0,0,0,47553803,0
2011-10-04,0,0,0,0,181967102,0
2011-10-06,0,0,0,0,103418309,0
2011-10-08,0,0,0,0,154742265,0
2011-10-09,0,0,0,0,265795261,0
2011-10-11,0,0,0,0,46250236,0
2011-10-12,0,0,0,0,5905656,0
2011-10-14,0,0,0,0,71052274,0
2011-10-16,0,0,0,0,231812028,0
2011-10-17,0,0,0,0,131939907,0
2011-10-18,0,0,0,0,261494243,0
2011-10-19,0,0,0,0,42583607,0
2011-10-21,0,0,0,0,233669362,0
2011-10-22,0,0,0,0,89970313,0
2011-10-24,0,0,0,0,137932884,0
2011-10-27,0,0,0,0,125549429,0
2011-10-28,0,0,0,0,197645572,0
2011-10-30,0,0,0,0,62208030,0
2011-10-31,0,0,0,0,204534251,0
2011-11-01,0,0,0,0,180439238,0
2011-11-04,0,0,0,0,199692392,0
2011-11-11,0,0,0,0,212913289,0
2011-11-12,0,0,0,0,150436292,0
2011-11-13,0,0,0,0,236302770,0
2011-11-14,0,0,0,0,136971076,0
2011-11-16,0,0,0,0,243503718,0
2011-11-17,0,0,0,0,257521842,0
2011-11-18,0,0,0,0,95143533,0
2011-11-23,0,0,0,0,156252707,0
2011-11-24,0,0,0,0,78789876,0
2011-11-25,0,0,0,0,205794134,0
2011-11-27,0,0,0,0,5229681,0
2011-11-30,0,0,0,0,219951052,0
2011-12-01,0,0,0,0,111069118,0
2011-12-02,0,0,0,0,125427603,0
2011-12-03,0,0,0,0,104028542,0
2011-12-06,0,0,0,0,11033617,0
2011-12-07,0,0,0,0,154544514,0
2011-12-09,0,0,0,0,185312222,0
2011-12-10,0,0,0,0,153198050,0
2011-12-11,0,0,0,0,98210728,0
2011-12-12,0,0,0,0,281552915,0
2011-12-14,0,0,0,0,189622223,0
2011-12-15,0,0,0,0,221075628,0
2011-12-17,0,0,0,0,262197563,0
2011-12-20,0,0,0,0,102349747,0
2011-12-21,0,0,0,0,277424542,0
2011-12-22,0,0,0,0,39396481,0
2011-12-23,0,0,0,0,165500709,0
2011-12-24,0,0,0,0,205693228,0
2011-12-25,0,0,0,0,64239901,0
2011-12-26,0,0,0,0,219108934,0
2011-12-27,0,0,0,0,89307025,0
2011-12-28,0,0,0,0,147595659,0
2012-01-01,0,0,0,0,29041601,0
2012-01-04,0,0,0,0,242943345,0
2012-01-05,0,0,0,0,87685752,0
2012-01-07,0,0,0,0,219697705,0
2012-01-08,0,0,0,0,237530454,0
2012-01-09,0,0,0,0,230943013,0
2012-01-11,0,0,0,0,44655109,0
2012-01-12,0,0,0,0,178917077,0
2012-01-13,0,0,0,0,74958970,0
2012-01-16,0,0,0,0,293391363,0
2012-01-17,0,0,0,0,221383816,0
2012-01-18,0,0,0,0,103641846,0
2012-01-20,0,0,0,0,164034868,0
2012-01-21,0,0,0,0,96821870,0
2012-01-23,0,0,0,0,120591054,0
2012-01-24,0,0,0,0,15317491,0
2012-01-27,0,0,0,0,69682871,0
2012-01-30,0,0,0,0,1136584,0
2012-02-01,0,0,0,0,83965152,0
2012-02-02,0,0,0,0,110402892,0
2012-02-04,0,0,0,0,217190667,0
2012-02-06,0,0,0,0,281746830,0
2012-02-07,0,0,0,0,226592204,0
2012-02-09,0,0,0,0,289376931,0
2012-02-10,0,0,0,0,49075764,0
2012-02-11,0,0,0,0,176695147,0
2012-02-14,0,0,0,0,264934546,0
2012-02-15,0,0,0,0,292291959,0
2012-02-17,0,0,0,0,31136819,0
2012-02-18,0,0,0,0,179718859,0
2012-02-23,0,0,0,0,277835867,0
2012-02-25,0,0,0,0,154327888,0
2012-03-01,0,0,0,0,157349630,0
2012-03-02,0,0,0,0,102504143,0
2012-03-03,0,0,0,0,136307480,0
2012-03-04,0,0,0,0,54456711,0
2012-03-07,0,0,0,0,5696258,0
2012-03-08,0,0,0,0,152010731,0
2012-03-10,0,0,0,0,260739296,0
2012-03-11,0,0,0,0,25354687,0
2012-03-14,0,0,0,0,80728285,0
2012-03-15,0,0,0,0,134931763,0
2012-03-19,0,0,0,0,258062964,0
2012-03-22,0,0,0,0,141835449,0
2012-03-24,0,0,0,0,25381546,0
2012-03-25,0,0,0,0,4247477,0
2012-03-26,0,0,0,0,7540308,0
2012-03-28,0,0,0,0,217935844,0
2012-03-30,0,0,0,0,235744704,0
2012-03-31,0,0,0,0,38497266,0
2012-04-01,0,0,0,0,104225796,0
2012-04-02,0,0,0,0,122199671,0
2012-04-04,0,0,0,0,29016385,0
2012-04-05,0,0,0,0,210393346,0
2012-04-06,0,0,0,0,286727130,0
2012-04-10,0,0,0,0,91764800,0
2012-04-12,0,0,0,0,48230590,0
2012-04-15,0,0,0,0,127926634,0
2012-04-18,0,0,0,0,201008393,0
2012-04-19,0,0,0,0,290108282,0
2012-04-20,0,0,0,0,129259764,0
2012-04-21,0,0,0,0,161631689,0
2012-04-23,0,0,0,0,272701891,0
2012-04-25,0,0,0,0,107122424,0
2012-04-26,0,0,0,0,218247103,0
2012-04-27,0,0,0,0,162110620,0
2012-04-29,0,0,0,0,233836119,0
2012-04-30,0,0,0,0,294419692,0
2012-05-01,0,0,0,0,280429271,0
2012-05-03,0,0,0,0,222303713,0
2012-05-05,0,0,0,0,204852327,0
2012-05-06,0,0,0,0,44007158,0
2012-05-08,0,0,0,0,293585090,0
2012-05-09,0,0,0,0,7356598,0
2012-05-11,0,0,0,0,277223305,0
2012-05-13,0,0,0,0,52376225,0
2012-05-14,0,0,0,0,112833190,0
2012-05-15,0,0,0,0,214236449,0
2012-05-16,0,0,0,0,116114874,0
2012-05-17,0,0,0,0,245447142,0
2012-05-19,0,0,0,0,276066104,0
2012-05-21,0,0,0,0,130985894,0
2012-05-27,0,0,0,0,216834674,0
2012-05-28,0,0,0,0,6696331,0
2012-05-29,0,0,0,0,25569960,0
2012-05-30,0,0,0,0,141822172,0
2012-05-31,0,0,0,0,274841232,0
2012-06-01,0,0,0,0,103959899,0
2012-06-04,0,0,0,0,49576133,0
2012-06-06,0,0,0,0,190376472,0
2012-06-10,0,0,0,0,32106747,0
2012-06-11,0,0,0,0,50001933,0
2012-06-12,0,0,0,0,140570955,0
2012-06-13,0,0,0,0,146400204,0
2012-06-14,0,0,0,0,125242455,0
2012-06-17,0,0,0,0,80280888,0
2012-06-18,0,0,0,0,160974680,0
2012-06-21,0,0,0,0,4404971,0
2012-06-22,0,0,0,0,228407251,0
2012-06-24,0,0,0,0,247126326,0
2012-06-25,0,0,0,0,97702669,0
2012-06-26,0,0,0,0,278811580,0
2012-06-27,0,0,0,0,86566046,0
2012-06-28,0,0,0,0,153038849,0
2012-06-30,0,0,0,0,169846614,0
2012-07-02,0,0,0,0,68685523,0
2012-07-03,0,0,0,0,162248770,0
2012-07-04,0,0,0,0,97436912,0
2012-07-05,0,0,0,0,251552953,0
2012-07-06,0,0,0,0,114918606,0
2012-07-09,0,0,0,0,131338821,0
2012-07-13,0,0,0,0,280781142,0
2012-07-16,0,0,0,0,259118791,0
2012-07-17,0,0,0,0,12588526,0
2012-07-18,0,0,0,0,227748814,0
2012-07-19,0,0,0,0,83394334,0
2012-07-21,0,0,0,0,5617034,0
2012-07-22,0,0,0,0,44853804,0
2012-07-23,0,0,0,0,69902531,0
2012-07-25,0,0,0,0,123172686,0
2012-07-27,0,0,0,0,181018040,0
2012-07-30,0,0,0,0,123022848,0
2012-07-31,0,0,0,0,13869009,0
2012-08-01,0,0,0,0,71193407,0
2012-08-02,0,0,0,0,263948978,0
2012-08-03,0,0,0,0,26592154,0
2012-08-04,0,0,0,0,163020394,0
2012-08-05,0,0,0,0,244030596,0
2012-08-06,0,0,0,0,130628661,0
2012-08-08,0,0,0,0,127936989,0
2012-08-09,0,0,0,0,165207605,0
2012-08-11,0,0,0,0,187640652,0
2012-08-12,0,0,0,0,51115439,0
2012-08-13,0,0,0,0,227274505,0
2012-08-14,0,0,0,0,76538476,0
2012-08-15,0,0,0,0,227927705,0
2012-08-16,0,0,0,0,93846003,0
2012-08-17,0,0,0,0,198937571,0
2012-08-18,0,0,0,0,227021436,0
2012-08-20,0,0,0,0,157539495,0
2012-08-21,0,0,0,0,250727628,0
2012-08-22,0,0,0,0,671391,0
2012-08-23,0,0,0,0,178760909,0
2012-08-25,0,0,0,0,46741341,0
2012-08-26,0,0,0,0,49129718,0
2012-08-29,0,0,0,0,219647833,0
2012-08-30,0,0,0,0,225068544,0
2012-08-31,0,0,0,0,34452166,0
2012-09-03,0,0,0,0,112400321,0
2012-09-05,0,0,0,0,117166715,0
2012-09-06,0,0,0,0,209006133,0
2012-09-07,0,0,0,0,233996967,0
2012-09-08,0,0,0,0,189990361,0
2012-09-09,0,0,0,0,280563802,0
2012-09-11,0,0,0,0,114619256,0
2012-09-12,0,0,0,0,45263821,0
2012-09-13,0,0,0,0,39005923,0
2012-09-17,0,0,0,0,257663253,0
2012-09-19,0,0,0,0,19680836,0
2012-09-20,0,0,0,0,11151204,0
2012-09-23,0,0,0,0,133126519,0
2012-09-25,0,0,0,0,142215799,0
2012-09-28,0,0,0,0,98831391,0
2012-09-29,0,0,0,0,3483147,0
2012-10-02,0,0,0,0,3821843,0
2012-10-03,0,0,0,0,118179733,0
2012-10-05,0,0,0,0,141229282,0
2012-10-06,0,0,0,0,80036101,0
2012-10-08,0,0,0,0,108514526,0
2012-10-09,0,0,0,0,99192689,0
2012-10-11,0,0,0,0,47309282,0
2012-10-13,0,0,0,0,2738268,0
2012-10-14,0,0,0,0,160781038,0
2012-10-17,0,0,0,0,158615842,0
2012-10-18,0,0,0,0,18815727,0
2012-10-19,0,0,0,0,30515428,0
2012-10-20,0,0,0,0,154733308,0
2012-10-21,0,0,0,0,131486326,0
2012-10-22,0,0,0,0,181037284,0
2012-10-24,0,0,0,0,175707378,0
2012-10-25,0,0,0,0,56688448,0
2012-10-28,0,0,0,0,242769398,0
2012-10-29,0,0,0,0,36462097,0
2012-10-30,0,0,0,0,249662622,0
2012-11-01,0,0,0,0,141270409,0
2012-11-02,0,0,0,0,146831230,0
2012-11-04,0,0,0,0,244018527,0
2012-11-05,0,0,0,0,33223130,0
2012-11-07,0,0,0,0,121787745,0
2012-11-08,0,0,0,0,14655076,0
2012-11-10,0,0,0,0,150370447,0
2012-11-11,0,0,0,0,232108725,0
2012-11-13,0,0,0,0,254774947,0
2012-11-14,0,0,0,0,188884871,0
2012-11-15,0,0,0,0,47481661,0
2012-11-19,0,0,0,0,105014359,0
2012-11-20,0,0,0,0,185888840,0
2012-11-21,0,0,0,0,30913608,0
2012-11-23,0,0,0,0,246668348,0
2012-11-25,0,0,0,0,5050306,0
2012-11-26,0,0,0,0,123275151,0
2012-11-27,0,0,0,0,292199749,0
2012-11-28,0,0,0,0,146827081,0
2012-11-29,0,0,0,0,168106599,0
2012-11-30,0,0,0,0,294412614,0
2012-12-01,0,0,0,0,83456085,0
2012-12-02,0,0,0,0,108171719,0
2012-12-04,0,0,0,0,50456160,0
2012-12-06,0,0,0,0,60773372,0
2012-12-08,0,0,0,0,202162511,0
2012-12-09,0,0,0,0,76811679,0
2012-12-10,0,0,0,0,212797792,0
2012-12-11,0,0,0,0,30478998,0
2012-12-12,0,0,0,0,212988916,0
2012-12-13,0,0,0,0,180836238,0
2012-12-15,0,0,0,0,288048828,0
2012-12-16,0,0,0,0,94964805,0
2012-12-17,0,0,0,0,192074752,0
2012-12-18,0,0,0,0,16070105,0
2012-12-19,0,0,0,0,95057,0
2012-12-20,0,0,0,0,84506431,0
2012-12-22,0,0,0,0,294625076,0
2012-12-24,0,0,0,0,106280499,0
2012-12-26,0,0,0,0,277739572,0
2012-12-27,0,0,0,0,115625402,0
2012-12-28,0,0,0,0,137307314,0
2012-12-29,0,0,0,0,201362542,0
2012-12-30,0,0,0,0,97187463,0
2012-12-31,0,0,0,0,283621081,0
2013-01-02,0,0,0,0,140621156,0
2013-01-06,0,0,0,0,294078250,0
2013-01-08,0,0,0,0,67533107,0
2013-01-09,0,0,0,0,64380514,0
2013-01-11,0,0,0,0,118166095,0
2013-01-13,0,0,0,0,290751859,0
2013-01-14,0,0,0,0,30965007,0
2013-01-15,0,0,0,0,254955654,0
2013-01-17,0,0,0,0,183053385,0
2013-01-18,0,0,0,0,288667921,0
2013-01-19,0,0,0,0,223921997,0
2013-01-20,0,0,0,0,43644594,0
2013-01-21,0,0,0,0,248522947,0
2013-01-22,0,0,0,0,151712597,0
2013-01-28,0,0,0,0,245198395,0
2013-01-29,0,0,0,0,108109831,0
2013-01-30,0,0,0,0,196628779,0
2013-02-01,0,0,0,0,32308343,0
2013-02-03,0,0,0,0,78735079,0
2013-02-04,0,0,0,0,246403468,0
2013-02-05,0,0,0,0,113975257,0
2013-02-07,0,0,0,0,160811294,0
2013-02-08,0,0,0,0,116508499,0
2013-02-09,0,0,0,0,151175186,0
2013-02-11,0,0,0,0,95428431,0
2013-02-12,0,0,0,0,59769627,0
2013-02-14,0,0,0,0,12433583,0
2013-02-15,0,0,0,0,33123109,0
2013-02-19,0,0,0,0,80571089,0
2013-02-21,0,0,0,0,84061063,0
2013-02-24,0,0,0,0,222620699,0
2013-02-25,0,0,0,0,282978920,0
2013-02-26,0,0,0,0,157838005,0
2013-02-27,0,0,0,0,64977001,0
2013-03-02,0,0,0,0,11452444,0
2013-03-03,0,0,0,0,278557886,0
2013-03-04,0,0,0,0,206924250,0
2013-03-06,0,0,0,0,143590892,0
2013-03-08,0,0,0,0,93487019,0
2013-03-10,0,0,0,0,111953153,0
2013-03-12,0,0,0,0,235097483,0
2013-03-13,0,0,0,0,114701178,0
2013-03-17,0,0,0,0,42044321,0
2013-03-20,0,0,0,0,209841445,0
2013-03-22,0,0,0,0,292464395,0
2013-03-23,0,0,0,0,120794032,0
2013-03-25,0,0,0,0,142932102,0
2013-03-26,0,0,0,0,93361304,0
2013-03-27,0,0,0,0,272913245,0
2013-03-29,0,0,0,0,238892529,0
2013-03-30,0,0,0,0,89812876,0
2013-04-03,0,0,0,0,95090889,0
2013-04-04,0,0,0,0,236468296,0
2013-04-06,0,0,0,0,269407208,0
2013-04-07,0,0,0,0,192734668,0
2013-04-08,0,0,0,0,76221743,0
2013-04-09,0,0,0,0,137993817,0
2013-04-11,0,0,0,0,85805729,0
2013-04-13,0,0,0,0,294496898,0
2013-04-14,0,0,0,0,229389587,0
2013-04-15,0,0,0,0,196268504,0
2013-04-16,0,0,0,0,225138232,0
2013-04-17,0,0,0,0,136274607,0
2013-04-18,0,0,0,0,4159476,0
2013-04-22,0,0,0,0,228085385,0
2013-04-24,0,0,0,0,228387315,0
2013-04-25,0,0,0,0,59127237,0
2013-04-26,0,0,0,0,202556631,0
2013-04-27,0,0,0,0,269005841,0
2013-04-28,0,0,0,0,98527177,0
2013-04-29,0,0,0,0,217183046,0
2013-05-01,0,0,0,0,181344826,0
2013-05-02,0,0,0,0,109439917,0
2013-05-04,0,0,0,0,59735229,0
2013-05-05,0,0,0,0,131899287,0
2013-05-06,0,0,0,0,216787081,0
2013-05-08,0,0,0,0,69194254,0
2013-05-09,0,0,0,0,72321402,0
2013-05-10,0,0,0,0,203879988,0
2013-05-11,0,0,0,0,103519890,0
2013-05-12,0,0,0,0,291243421,0
2013-05-13,0,0,0,0,28224715,0
2013-05-16,0,0,0,0,78932863,0
2013-05-19,0,0,0,0,253409006,0
2013-05-21,0,0,0,0,77094888,0
2013-05-23,0,0,0,0,152195998,0
2013-05-25,0,0,0,0,116129708,0
2013-05-26,0,0,0,0,128394041,0
2013-05-27,0,0,0,0,91095378,0
2013-05-28,0,0,0,0,107256434,0
2013-05-30,0,0,0,0,137918937,0
2013-05-31,0,0,0,0,42517054,0
2013-06-03,0,0,0,0,3685689,0
2013-06-04,0,0,0,0,200275015,0
2013-06-05,0,0,0,0,285997530,0
2013-06-07,0,0,0,0,67588095,0
2013-06-11,0,0,0,0,134114882,0
2013-06-17,0,0,0,0,204139498,0
2013-06-20,0,0,0,0,218684569,0
2013-06-21,0,0,0,0,289136577,0
2013-06-22,0,0,0,0,153652430,0
2013-06-23,0,0,0,0,264756238,0
2013-06-24,0,0,0,0,136691419,0
2013-06-26,0,0,0,0,80357454,0
2013-06-27,0,0,0,0,195926113,0
2013-06-28,0,0,0,0,46384875,0
2013-07-01,0,0,0,0,47373920,0
2013-07-02,0,0,0,0,271071810,0
2013-07-03,0,0,0,0,255209712,0
2013-07-05,0,0,0,0,172944705,0
2013-07-08,0,0,0,0,26911967,0
2013-07-10,0,0,0,0,44662547,0
2013-07-13,0,0,0,0,18293498,0
2013-07-18,0,0,0,0,157811314,0
2013-07-19,0,0,0,0,225956215,0
2013-07-21,0,0,0,0,123824827,0
2013-07-22,0,0,0,0,196951767,0
2013-07-23,0,0,0,0,81662141,0
2013-07-25,0,0,0,0,246605022,0
2013-07-26,0,0,0,0,151492411,0
2013-07-31,0,0,0,0,41451229,0
2013-08-03,0,0,0,0,52535449,0
2013-08-04,0,0,0,0,192423326,0
2013-08-05,0,0,0,0,284396089,0
2013-08-07,0,0,0,0,64621636,0
2013-08-09,0,0,0,0,146179111,0
2013-08-10,0,0,0,0,29594556,0
2013-08-14,0,0,0,0,77487621,0
2013-08-15,0,0,0,0,36613919,0
2013-08-17,0,0,0,0,173365450,0
2013-08-18,0,0,0,0,251359273,0
2013-08-21,0,0,0,0,96913600,0
2013-08-24,0,0,0,0,207954782,0
2013-08-27,0,0,0,0,275802432,0
2013-08-29,0,0,0,0,147659164,0
2013-08-31,0,0,0,0,85419108,0
2013-09-02,0,0,0,0,59402149,0
2013-09-03,0,0,0,0,71733082,0
2013-09-04,0,0,0,0,85957065,0
2013-09-07,0,0,0,0,153938306,0
2013-09-09,0,0,0,0,121453986,0
2013-09-14,0,0,0,0,251850941,0
2013-09-15,0,0,0,0,245488651,0
2013-09-16,0,0,0,0,222150705,0
2013-09-17,0,0,0,0,136245911,0
2013-09-18,0,0,0,0,248763792,0
2013-09-19,0,0,0,0,104712869,0
2013-09-20,0,0,0,0,20710738,0
2013-09-21,0,0,0,0,154811555,0
2013-09-22,0,0,0,0,201441871,0
2013-09-23,0,0,0,0,41366237,0
2013-09-29,0,0,0,0,26333096,0
2013-09-30,0,0,0,0,234486524,0
2013-10-02,0,0,0,0,78889895,0
2013-10-03,0,0,0,0,47187871,0
2013-10-04,0,0,0,0,116933106,0
2013-10-07,0,0,0,0,151562367,0
2013-10-11,0,0,0,0,240590125,0
2013-10-13,0,0,0,0,209197188,0
2013-10-14,0,0,0,0,7227267,0
2013-10-15,0,0,0,0,18349106,0
2013-10-16,0,0,0,0,225938752,0
2013-10-18,0,0,0,0,79571372,0
2013-10-20,0,0,0,0,65180978,0
2013-10-23,0,0,0,0,119952095,0
2013-10-24,0,0,0,0,161109964,0
2013-10-25,0,0,0,0,42791091,0
2013-10-26,0,0,0,0,30702493,0
2013-10-28,0,0,0,0,30779289,0
2013-10-30,0,0,0,0,168537821,0
2013-10-31,0,0,0,0,149132615,0
2013-11-01,0,0,0,0,215145622,0
2013-11-04,0,0,0,0,124256302,0
2013-11-05,0,0,0,0,13918470,0
2013-11-06,0,0,0,0,238546912,0
2013-11-07,0,0,0,0,274526840,0
2013-11-08,0,0,0,0,113767962,0
2013-11-09,0,0,0,0,50710410,0
2013-11-14,0,0,0,0,271974655,0
2013-11-15,0,0,0,0,1816885,0
2013-11-16,0,0,0,0,10943780,0
2013-11-17,0,0,0,0,127090874,0
2013-11-19,0,0,0,0,288014213,0
2013-11-20,0,0,0,0,102930652,0
2013-11-22,0,0,0,0,260256556,0
2013-11-23,0,0,0,0,27369858,0
2013-11-24,0,0,0,0,265327341,0
2013-11-25,0,0,0,0,93085221,0
2013-11-27,0,0,0,0,26459347,0
2013-11-28,0,0,0,0,121840886,0
2013-11-30,0,0,0,0,208468705,0
2013-12-02,0,0,0,0,171492821,0
2013-12-03,0,0,0,0,172538420,0
2013-12-04,0,0,0,0,139082360,0
2013-12-05,0,0,0,0,140732469,0
2013-12-06,0,0,0,0,82299010,0
2013-12-07,0,0,0,0,157020621,0
2013-12-08,0,0,0,0,245044677,0
2013-12-11,0,0,0,0,190375194,0
2013-12-12,0,0,0,0,107537261,0
2013-12-13,0,0,0,0,8799807,0
2013-12-14,0,0,0,0,208491682,0
2013-12-15,0,0,0,0,40657807,0
2013-12-16,0,0,0,0,5197743,0
2013-12-17,0,0,0,0,174847378,0
2013-12-18,0,0,0,0,150758374,0
2013-12-19,0,0,0,0,135701979,0
2013-12-23,0,0,0,0,145541209,0
2013-12-24,0,0,0,0,189339958,0
2013-12-27,0,0,0,0,101005016,0
2013-12-28,0,0,0,0,223122745,0
2013-12-30,0,0,0,0,210033739,0
2014-01-01,0,0,0,0,148976189,0
2014-01-03,0,0,0,0,110983125,0
2014-01-06,0,0,0,0,220838723,0
2014-01-07,0,0,0,0,25431938,0
2014-01-08,0,0,0,0,39259323,0
2014-01-09,0,0,0,0,25699364,0
2014-01-10,0,0,0,0,97792710,0
2014-01-13,0,0,0,0,259878253,0
2014-01-14,0,0,0,0,5510760,0
2014-01-15,0,0,0,0,30562313,0
2014-01-16,0,0,0,0,195428690,0
2014-01-19,0,0,0,0,174269375,0
2014-01-20,0,0,0,0,227865794,0
2014-01-21,0,0,0,0,247558982,0
2014-01-23,0,0,0,0,9304859,0
2014-01-25,0,0,0,0,92961656,0
2014-01-28,0,0,0,0,153179494,0
2014-02-02,0,0,0,0,136573035,0
2014-02-03,0,0,0,0,257973045,0
2014-02-04,0,0,0,0,211430567,0
2014-02-05,0,0,0,0,277317290,0
2014-02-06,0,0,0,0,279889447,0
2014-02-07,0,0,0,0,203804912,0
2014-02-09,0,0,0,0,197730109,0
2014-02-14,0,0,0,0,245704543,0
2014-02-16,0,0,0,0,110248052,0
2014-02-17,0,0,0,0,122072616,0
2014-02-19,0,0,0,0,83189258,0
2014-02-20,0,0,0,0,7661245,0
2014-02-22,0,0,0,0,229443798,0
2014-02-27,0,0,0,0,148653082,0
2014-02-28,0,0,0,0,226061870,0
2014-03-01,0,0,0,0,58532471,0
2014-03-03,0,0,0,0,240623644,0
2014-03-05,0,0,0,0,197700420,0
2014-03-09,0,0,0,0,256625511,0
2014-03-11,0,0,0,0,139334919,0
2014-03-14,0,0,0,0,25373806,0
2014-03-15,0,0,0,0,100583643,0
2014-03-19,0,0,0,0,5942638,0
2014-03-21,0,0,0,0,177240535,0
2014-03-25,0,0,0,0,106396040,0
2014-03-26,0,0,0,0,225733301,0
2014-03-31,0,0,0,0,24449174,0
2014-04-02,0,0,0,0,76844843,0
2014-04-03,0,0,0,0,171490468,0
2014-04-06,0,0,0,0,241512759,0
2014-04-08,0,0,0,0,250459774,0
2014-04-14,0,0,0,0,284340772,0
2014-04-16,0,0,0,0,53577504,0
2014-04-19,0,0,0,0,6564663,0
2014-04-20,0,0,0,0,291188362,0
2014-04-29,0,0,0,0,30653250,0
2014-04-30,0,0,0,0,219754987,0
2014-05-02,0,0,0,0,127190160,0
2014-05-03,0,0,0,0,187188797,0
2014-05-04,0,0,0,0,177556427,0
2014-05-05,0,0,0,0,209903702,0
2014-05-10,0,0,0,0,130833219,0
2014-05-12,0,0,0,0,83428308,0
2014-05-14,0,0,0,0,293390820,0
2014-05-16,0,0,0,0,267493908,0
2014-05-19,0,0,0,0,21941560,0
2014-05-21,0,0,0,0,108064418,0
2014-05-24,0,0,0,0,95205550,0
2014-05-25,0,0,0,0,166636664,0
2014-05-26,0,0,0,0,294091301,0
2014-05-30,0,0,0,0,44818103,0
2014-06-01,0,0,0,0,161335602,0
2014-06-04,0,0,0,0,83458813,0
2014-06-08,0,0,0,0,152185287,0
2014-06-09,0,0,0,0,131532483,0
2014-06-11,0,0,0,0,287969759,0
2014-06-12,0,0,0,0,71146388,0
2014-06-16,0,0,0,0,220940175,0
2014-06-18,0,0,0,0,148677581,0
2014-06-19,0,0,0,0,240927680,0
2014-06-20,0,0,0,0,88373449,0
2014-06-21,0,0,0,0,153994637,0
2014-06-22,0,0,0,0,148348813,0
2014-06-23,0,0,0,0,161911559,0
2014-06-26,0,0,0,0,764062,0
2014-06-28,0,0,0,0,27854095,0
2014-06-29,0,0,0,0,79211963,0
2014-06-30,0,0,0,0,193067973,0
2014-07-01,0,0,0,0,274050281,0
2014-07-02,0,0,0,0,151316192,0
2014-07-05,0,0,0,0,234303018,0
2014-07-07,0,0,0,0,234374499,0
2014-07-09,0,0,0,0,11214701,0
2014-07-10,0,0,0,0,258618251,0
2014-07-13,0,0,0,0,276915019,0
2014-07-15,0,0,0,0,290373733,0
2014-07-16,0,0,0,0,25555846,0
2014-07-17,0,0,0,0,39624107,0
2014-07-18,0,0,0,0,188781134,0
2014-07-21,0,0,0,0,232392123,0
2014-07-22,0,0,0,0,36541660,0
2014-07-23,0,0,0,0,64447356,0
2014-07-25,0,0,0,0,87161118,0
2014-07-26,0,0,0,0,183743342,0
2014-08-02,0,0,0,0,277031250,0
2014-08-09,0,0,0,0,172009338,0
2014-08-10,0,0,0,0,52623560,0
2014-08-12,0,0,0,0,212189912,0
2014-08-13,0,0,0,0,188450724,0
2014-08-14,0,0,0,0,247582904,0
2014-08-16,0,0,0,0,133400127,0
2014-08-18,0,0,0,0,57728342,0
2014-08-19,0,0,0,0,56216873,0
2014-08-21,0,0,0,0,76563139,0
2014-08-27,0,0,0,0,57984471,0
2014-08-28,0,0,0,0,110671025,0
2014-08-29,0,0,0,0,272481274,0
2014-09-01,0,0,0,0,202088658,0
2014-09-02,0,0,0,0,291598080,0
2014-09-04,0,0,0,0,143919990,0
2014-09-06,0,0,0,0,47338410,0
2014-09-09,0,0,0,0,41790766,0
2014-09-17,0,0,0,0,134805913,0
2014-09-23,0,0,0,0,111290413,0
2014-09-24,0,0,0,0,59523920,0
2014-09-26,0,0,0,0,122315686,0
2014-09-28,0,0,0,0,57309300,0
2014-10-01,0,0,0,0,203473583,0
2014-10-03,0,0,0,0,201549,0
2014-10-07,0,0,0,0,176583196,0
2014-10-09,0,0,0,0,202984146,0
2014-10-11,0,0,0,0,268649289,0
2014-10-14,0,0,0,0,216640298,0
2014-10-15,0,0,0,0,172664793,0
2014-10-17,0,0,0,0,144262054,0
2014-10-18,0,0,0,0,32706543,0
2014-10-20,0,0,0,0,237375460,0
2014-10-21,0,0,0,0,246811741,0
2014-10-24,0,0,0,0,87993064,0
2014-10-26,0,0,0,0,140702298,0
2014-10-27,0,0,0,0,92413852,0
2014-10-28,0,0,0,0,150428561,0
2014-10-30,0,0,0,0,154989937,0
2014-10-31,0,0,0,0,119218963,0
2014-11-01,0,0,0,0,9798411,0
2014-11-02,0,0,0,0,127888174,0
2014-11-03,0,0,0,0,138282573,0
2014-11-04,0,0,0,0,234872614,0
2014-11-05,0,0,0,0,293326554,0
2014-11-06,0,0,0,0,253387301,0
2014-11-07,0,0,0,0,123675353,0
2014-11-09,0,0,0,0,239490052,0
2014-11-11,0,0,0,0,78531166,0
2014-11-12,0,0,0,0,235435102,0
2014-11-13,0,0,0,0,195809604,0
2014-11-14,0,0,0,0,21195820,0
2014-11-16,0,0,0,0,112931605,0
2014-11-21,0,0,0,0,87033047,0
2014-11-24,0,0,0,0,53409891,0
2014-11-25,0,0,0,0,188268250,0
2014-11-27,0,0,0,0,282153616,0
2014-11-28,0,0,0,0,27713102,0
2014-11-29,0,0,0,0,112856993,0
2014-11-30,0,0,0,0,51886121,0
2014-12-07,0,0,0,0,155923920,0
2014-12-13,0,0,0,0,20966161,0
2014-12-16,0,0,0,0,44938781,0
2014-12-20,0,0,0,0,194774612,0
2014-12-22,0,0,0,0,224898064,0
2014-12-23,0,0,0,0,134782880,0
2014-12-24,0,0,0,0,119282324,0
2014-12-25,0,0,0,0,203830392,0
2014-12-26,0,0,0,0,292209644,0
2015-01-01,0,0,0,0,52505726,0
2015-01-02,0,0,0,0,2493789,0
2015-01-04,0,0,0,0,116945184,0
2015-01-06,0,0,0,0,32497601,0
2015-01-08,0,0,0,0,238953802,0
2015-01-10,0,0,0,0,150041680,0
2015-01-11,0,0,0,0,90254644,0
2015-01-12,0,0,0,0,227053807,0
2015-01-18,0,0,0,0,78359914,0
2015-01-23,0,0,0,0,237720148,0
2015-01-25,0,0,0,0,91751208,0
2015-01-27,0,0,0,0,223358070,0
2015-01-28,0,0,0,0,289862633,0
2015-01-30,0,0,0,0,27494715,0
2015-02-04,0,0,0,0,114899382,0
2015-02-06,0,0,0,0,254510776,0
2015-02-07,0,0,0,0,166332175,0
2015-02-12,0,0,0,0,249788035,0
2015-02-14,0,0,0,0,1011505,0
2015-02-15,0,0,0,0,135834757,0
2015-02-18,0,0,0,0,282392336,0
2015-02-19,0,0,0,0,260090022,0
2015-02-20,0,0,0,0,189917814,0
2015-02-25,0,0,0,0,250592980,0
2015-03-01,0,0,0,0,17442795,0
2015-03-03,0,0,0,0,235658791,0
2015-03-04,0,0,0,0,42616659,0
2015-03-05,0,0,0,0,197797056,0
2015-03-06,0,0,0,0,142067031,0
2015-03-07,0,0,0,0,63548054,0
2015-03-10,0,0,0,0,64641244,0
2015-03-11,0,0,0,0,105647181,0
2015-03-13,0,0,0,0,15616949,0
2015-03-14,0,0,0,0,207926538,0
2015-03-16,0,0,0,0,229167027,0
2015-03-22,0,0,0,0,130397754,0
2015-03-23,0,0,0,0,157092147,0
2015-03-25,0,0,0,0,294617302,0
2015-03-27,0,0,0,0,181019766,0
2015-03-30,0,0,0,0,265390682,0
2015-04-01,0,0,0,0,78962203,0
2015-04-03,0,0,0,0,117166332,0
2015-04-05,0,0,0,0,267344177,0
2015-04-08,0,0,0,0,43642626,0
2015-04-13,0,0,0,0,246745558,0
2015-04-15,0,0,0,0,32769847,0
2015-04-16,0,0,0,0,127318327,0
2015-04-17,0,0,0,0,33491729,0
2015-04-18,0,0,0,0,37143127,0
2015-04-19,0,0,0,0,188330165,0
2015-04-20,0,0,0,0,130670870,0
2015-04-26,0,0,0,0,241790546,0
2015-04-27,0,0,0,0,120271170,0
2015-04-29,0,0,0,0,10306041,0
2015-05-01,0,0,0,0,108043541,0
2015-05-02,0,0,0,0,175433499,0
2015-05-03,0,0,0,0,1007344,0
2015-05-06,0,0,0,0,33404408,0
2015-05-13,0,0,0,0,26311045,0
2015-05-15,0,0,0,0,164921135,0
2015-05-17,0,0,0,0,134814765,0
2015-05-22,0,0,0,0,135367168,0
2015-05-23,0,0,0,0,102363325,0
2015-05-28,0,0,0,0,132671132,0
2015-06-01,0,0,0,0,277037452,0
2015-06-06,0,0,0,0,246005297,0
2015-06-08,0,0,0,0,65752589,0
2015-06-09,0,0,0,0,119709557,0
2015-06-12,0,0,0,0,242246731,0
2015-06-13,0,0,0,0,20650446,0
2015-06-16,0,0,0,0,17721596,0
2015-06-18,0,0,0,0,231310859,0
2015-06-19,0,0,0,0,74287375,0
2015-06-21,0,0,0,0,82089709,0
2015-06-22,0,0,0,0,267212447,0
2015-06-23,0,0,0,0,240651326,0
2015-06-24,0,0,0,0,290114878,0
2015-06-27,0,0,0,0,291434996,0
2015-06-28,0,0,0,0,69391399,0
2015-06-30,0,0,0,0,105665962,0
2015-07-03,0,0,0,0,268466404,0
2015-07-06,0,0,0,0,275930049,0
2015-07-07,0,0,0,0,228144576,0
2015-07-09,0,0,0,0,285906576,0
2015-07-12,0,0,0,0,187737988,0
2015-07-15,0,0,0,0,243551780,0
2015-07-18,0,0,0,0,139936281,0
2015-07-21,0,0,0,0,195871543,0
2015-07-23,0,0,0,0,142902527,0
2015-07-25,0,0,0,0,55105813,0
2015-07-26,0,0,0,0,156051582,0
2015-07-28,0,0,0,0,278849692,0
2015-07-30,0,0,0,0,252260291,0
2015-07-31,0,0,0,0,154071124,0
2015-08-01,0,0,0,0,102479974,0
2015-08-10,0,0,0,0,272506948,0
2015-08-11,0,0,0,0,174026742,0
2015-08-12,0,0,0,0,96688702,0
2015-08-13,0,0,0,0,229392145,0
2015-08-18,0,0,0,0,138494354,0
2015-08-21,0,0,0,0,185915534,0
2015-08-22,0,0,0,0,62414272,0
2015-08-24,0,0,0,0,24939308,0
2015-09-04,0,0,0,0,154602750,0
2015-09-06,0,0,0,0,220220446,0
2015-09-09,0,0,0,0,255896862,0
2015-09-12,0,0,0,0,190715307,0
2015-09-14,0,0,0,0,284629395,0
2015-09-15,0,0,0,0,249083283,0
2015-09-18,0,0,0,0,231316555,0
2015-09-19,0,0,0,0,31699980,0
2015-09-23,0,0,0,0,234774556,0
2015-09-24,0,0,0,0,287623377,0
2015-09-26,0,0,0,0,145186297,0
2015-09-29,0,0,0,0,86896630,0
2015-09-30,0,0,0,0,216132368,0
2015-10-03,0,0,0,0,67265436,0
2015-10-10,0,0,0,0,150087107,0
2015-10-13,0,0,0,0,189019910,0
2015-10-14,0,0,0,0,139728490,0
2015-10-15,0,0,0,0,171276157,0
2015-10-21,0,0,0,0,56003841,0
2015-10-26,0,0,0,0,90364768,0
2015-10-28,0,0,0,0,96940769,0
2015-11-01,0,0,0,0,230674749,0
2015-11-02,0,0,0,0,6371493,0
2015-11-04,0,0,0,0,178933961,0
2015-11-05,0,0,0,0,234423933,0
2015-11-06,0,0,0,0,239292375,0
2015-11-07,0,0,0,0,183527871,0
2015-11-08,0,0,0,0,211035083,0
2015-11-09,0,0,0,0,113131440,0
2015-11-11,0,0,0,0,84157107,0
2015-11-16,0,0,0,0,57385234,0
2015-11-18,0,0,0,0,5071161,0
2015-11-19,0,0,0,0,5178803,0
2015-11-20,0,0,0,0,147252268,0
2015-11-22,0,0,0,0,172827251,0
2015-11-26,0,0,0,0,252888538,0
2015-11-27,0,0,0,0,170636718,0
2015-11-28,0,0,0,0,34516334,0
2015-12-01,0,0,0,0,9572233,0
2015-12-05,0,0,0,0,50965124,0
2015-12-12,0,0,0,0,202812396,0
2015-12-16,0,0,0,0,178815523,0
2015-12-17,0,0,0,0,188751795,0
2015-12-18,0,0,0,0,219844300,0
2015-12-20,0,0,0,0,25877024,0
2015-12-21,0,0,0,0,83856732,0
2015-12-22,0,0,0,0,88227296,0
2015-12-24,0,0,0,0,161898270,0
2016-01-04,0,0,0,0,24418285,0
2016-01-05,0,0,0,0,189820171,0
2016-01-07,0,0,0,0,79351391,0
2016-01-10,0,0,0,0,260721975,0
2016-01-14,0,0,0,0,135568872,0
2016-01-25,0,0,0,0,237004237,0
2016-01-29,0,0,0,0,231573515,0
2016-01-31,0,0,0,0,189533524,0
2016-02-01,0,0,0,0,146971693,0
2016-02-04,0,0,0,0,293611476,0
2016-02-05,0,0,0,0,290622489,0
2016-02-06,0,0,0,0,276864467,0
2016-02-08,0,0,0,0,105750688,0
2016-02-10,0,0,0,0,222061101,0
2016-02-12,0,0,0,0,125504816,0
2016-02-14,0,0,0,0,221261181,0
2016-02-21,0,0,0,0,117367199,0
2016-02-22,0,0,0,0,163182835,0
2016-02-24,0,0,0,0,13075455,0
2016-02-25,0,0,0,0,142666905,0
2016-02-29,0,0,0,0,230268472,0
2016-03-04,0,0,0,0,137746373,0
2016-03-05,0,0,0,0,19105481,0
2016-03-07,0,0,0,0,53835351,0
2016-03-09,0,0,0,0,91678510,0
2016-03-12,0,0,0,0,158909665,0
2016-03-15,0,0,0,0,97944309,0
2016-03-26,0,0,0,0,231613325,0
2016-03-31,0,0,0,0,200201104,0
2016-04-05,0,0,0,0,263961934,0
2016-04-11,0,0,0,0,55350879,0
2016-04-12,0,0,0,0,252106648,0
2016-04-14,0,0,0,0,94974082,0
2016-04-16,0,0,0,0,288369536,0
2016-04-17,0,0,0,0,214007312,0
2016-04-18,0,0,0,0,54673641,0
2016-04-21,0,0,0,0,237644078,0
2016-04-24,0,0,0,0,240083321,0
2016-04-28,0,0,0,0,11997568,0
2016-04-30,0,0,0,0,23576153,0
2016-05-02,0,0,0,0,256168424,0
2016-05-03,0,0,0,0,293352615,0
2016-05-06,0,0,0,0,21732935,0
2016-05-07,0,0,0,0,268309053,0
2016-05-09,0,0,0,0,294305477,0
2016-05-10,0,0,0,0,91806343,0
2016-05-11,0,0,0,0,145378994,0
2016-05-14,0,0,0,0,238994358,0
2016-05-16,0,0,0,0,292586660,0
2016-05-17,0,0,0,0,39822178,0
2016-05-21,0,0,0,0,96719821,0
2016-05-22,0,0,0,0,185655402,0
2016-05-23,0,0,0,0,211877092,0
2016-05-24,0,0,0,0,76339571,0
2016-05-25,0,0,0,0,275648765,0
2016-05-31,0,0,0,0,210131747,0
2016-06-02,0,0,0,0,121088037,0
2016-06-03,0,0,0,0,52162998,0
2016-06-05,0,0,0,0,66732946,0
2016-06-08,0,0,0,0,81057675,0
2016-06-09,0,0,0,0,31099801,0
2016-06-12,0,0,0,0,211982524,0
2016-06-14,0,0,0,0,124303394,0
2016-06-16,0,0,0,0,281498848,0
2016-06-20,0,0,0,0,269473508,0
2016-06-21,0,0,0,0,217713042,0
2016-06-22,0,0,0,0,84649959,0
2016-06-23,0,0,0,0,265261095,0
2016-06-26,0,0,0,0,263758553,0
2016-06-27,0,0,0,0,239672751,0
2016-06-28,0,0,0,0,255149715,0
2016-06-29,0,0,0,0,284881814,0
2016-07-01,0,0,0,0,11427324,0
2016-07-02,0,0,0,0,124455047,0
2016-07-05,0,0,0,0,200777008,0
2016-07-08,0,0,0,0,62623259,0
2016-07-17,0,0,0,0,82807696,0
2016-07-18,0,0,0,0,130802418,0
2016-07-20,0,0,0,0,266476318,0
2016-07-23,0,0,0,0,117722421,0
2016-07-30,0,0,0,0,40098351,0
2016-07-31,0,0,0,0,255556868,0
2016-08-01,0,0,0,0,216970248,0
2016-08-06,0,0,0,0,161711310,0
2016-08-07,0,0,0,0,210740395,0
2016-08-11,0,0,0,0,207357693,0
2016-08-12,0,0,0,0,285418846,0
2016-08-14,0,0,0,0,192801408,0
2016-08-22,0,0,0,0,194892685,0
2016-08-30,0,0,0,0,34843723,0
2016-09-02,0,0,0,0,136097869,0
2016-09-05,0,0,0,0,246444803,0
2016-09-10,0,0,0,0,139884070,0
2016-09-12,0,0,0,0,240458095,0
2016-09-14,0,0,0,0,104839064,0
2016-09-18,0,0,0,0,62956581,0
2016-09-21,0,0,0,0,291359654,0
2016-09-29,0,0,0,0,57220824,0
2016-10-01,0,0,0,0,35915905,0
2016-10-02,0,0,0,0,226737888,0
2016-10-05,0,0,0,0,13119274,0
2016-10-07,0,0,0,0,234334725,0
2016-10-11,0,0,0,0,108368705,0
2016-10-17,0,0,0,0,153192912,0
2016-10-20,0,0,0,0,176738317,0
2016-10-22,0,0,0,0,74897478,0
2016-10-26,0,0,0,0,213501382,0
2016-10-27,0,0,0,0,124367006,0
2016-10-28,0,0,0,0,229797070,0
2016-10-29,0,0,0,0,12389555,0
2016-10-30,0,0,0,0,285880801,0
2016-11-01,0,0,0,0,276486841,0
2016-11-02,0,0,0,0,207207761,0
2016-11-09,0,0,0,0,68460061,0
2016-11-12,0,0,0,0,96444338,0
2016-11-13,0,0,0,0,225192646,0
2016-11-17,0,0,0,0,41474683,0
2016-11-20,0,0,0,0,244439272,0
2016-11-21,0,0,0,0,106712844,0
2016-11-24,0,0,0,0,256372444,0
2016-11-27,0,0,0,0,24679326,0
2016-11-30,0,0,0,0,93900298,0
2016-12-09,0,0,0,0,251605964,0
2016-12-11,0,0,0,0,151587782,0
2016-12-15,0,0,0,0,67637064,0
2016-12-16,0,0,0,0,247098688,0
2016-12-17,0,0,0,0,83954830,0
2016-12-18,0,0,0,0,229083171,0
2016-12-21,0,0,0,0,127242040,0
2016-12-23,0,0,0,0,114165282,0
2016-12-25,0,0,0,0,231961915,0
2017-01-04,0,0,0,0,111077233,0
2017-01-09,0,0,0,0,270620814,0
2017-01-11,0,0,0,0,94474499,0
2017-01-12,0,0,0,0,145305175,0
2017-01-16,0,0,0,0,273045564,0
2017-01-23,0,0,0,0,205887144,0
2017-01-27,0,0,0,0,49469222,0
2017-01-28,0,0,0,0,39453532,0
2017-02-06,0,0,0,0,151627671,0
2017-02-09,0,0,0,0,112540902,0
2017-02-12,0,0,0,0,23901700,0
2017-02-17,0,0,0,0,6536270,0
2017-02-24,0,0,0,0,59468503,0
2017-02-25,0,0,0,0,127125994,0
2017-02-27,0,0,0,0,288070117,0
2017-03-01,0,0,0,0,181866327,0
2017-03-02,0,0,0,0,110415548,0
2017-03-06,0,0,0,0,56772254,0
2017-03-16,0,0,0,0,208131815,0
2017-03-17,0,0,0,0,136640578,0
2017-03-20,0,0,0,0,7822073,0
2017-03-23,0,0,0,0,152631316,0
2017-03-25,0,0,0,0,231000424,0
2017-03-28,0,0,0,0,76000414,0
2017-04-01,0,0,0,0,113600517,0
2017-04-06,0,0,0,0,110117322,0
2017-04-07,0,0,0,0,16811774,0
2017-04-17,0,0,0,0,148081116,0
2017-04-20,0,0,0,0,50544098,0
2017-04-21,0,0,0,0,220071808,0
2017-04-30,0,0,0,0,115706092,0
2017-05-04,0,0,0,0,244355395,0
2017-05-11,0,0,0,0,35889337,0
2017-05-19,0,0,0,0,86343229,0
2017-05-21,0,0,0,0,68640327,0
2017-05-22,0,0,0,0,257127550,0
2017-05-23,0,0,0,0,272845346,0
2017-05-31,0,0,0,0,263256898,0
2017-06-02,0,0,0,0,291631365,0
2017-06-07,0,0,0,0,245017897,0
2017-06-15,0,0,0,0,230315415,0
2017-06-16,0,0,0,0,242306572,0
2017-06-17,0,0,0,0,93608926,0
2017-06-22,0,0,0,0,218167724,0
2017-07-04,0,0,0,0,199168869,0
2017-07-10,0,0,0,0,89859788,0
2017-07-15,0,0,0,0,108777203,0
2017-07-23,0,0,0,0,86051556,0
2017-07-25,0,0,0,0,66936317,0
2017-07-27,0,0,0,0,965032,0
2017-07-30,0,0,0,0,176929125,0
2017-08-01,0,0,0,0,111953907,0
2017-08-02,0,0,0,0,124032396,0
2017-08-05,0,0,0,0,237323596,0
2017-08-14,0,0,0,0,43613345,0
2017-08-17,0,0,0,0,227263326,0
2017-08-22,0,0,0,0,77234863,0
2017-09-03,0,0,0,0,98102396,0
2017-09-05,0,0,0,0,188781395,0
2017-09-12,0,0,0,0,7833033,0
2017-09-14,0,0,0,0,206577378,0
2017-09-20,0,0,0,0,132615826,0
2017-09-21,0,0,0,0,138149757,0
2017-09-26,0,0,0,0,53781921,0
2017-10-03,0,0,0,0,132758498,0
2017-10-07,0,0,0,0,209039822,0
2017-10-22,0,0,0,0,1112196,0
2017-10-27,0,0,0,0,9064509,0
2017-10-28,0,0,0,0,679935,0
2017-10-29,0,0,0,0,121037556,0
2017-11-01,0,0,0,0,79864302,0
2017-11-03,0,0,0,0,59435701,0
2017-11-04,0,0,0,0,16502952,0
2017-11-09,0,0,0,0,173285162,0
2017-11-17,0,0,0,0,200287768,0
2017-11-21,0,0,0,0,78017654,0
2017-11-22,0,0,0,0,120479246,0
2017-11-26,0,0,0,0,56794755,0
2017-11-30,0,0,0,0,265857901,0
2017-12-02,0,0,0,0,131939083,0
2017-12-05,0,0,0,0,185010555,0
2017-12-07,0,0,0,0,194124258,0
2017-12-17,0,0,0,0,194954165,0
2017-12-18,0,0,0,0,161542760,0
2017-12-25,0,0,0,0,29558515,0
2017-12-29,0,0,0,0,285896228,0
2017-12-30,0,0,0,0,261845797,0
2018-01-01,0,0,0,0,6459234,0
2018-01-03,0,0,0,0,241943046,0
2018-01-05,0,0,0,0,227041961,0
2018-01-08,0,0,0,0,233140203,0
2018-01-12,0,0,0,0,45225709,0
2018-01-13,0,0,0,0,113793176,0
2018-01-14,0,0,0,0,98902713,0
2018-01-19,0,0,0,0,203646260,0
2018-01-27,0,0,0,0,207407454,0
2018-01-30,0,0,0,0,212808662,0
2018-02-02,0,0,0,0,72404338,0
2018-02-04,0,0,0,0,29170273,0
2018-02-10,0,0,0,0,148286308,0
2018-02-18,0,0,0,0,147661268,0
2018-02-21,0,0,0,0,225477619,0
2018-02-23,0,0,0,0,195467855,0
2018-03-01,0,0,0,0,53213997,0
2018-03-03,0,0,0,0,128964190,0
2018-03-07,0,0,0,0,99168866,0
2018-03-09,0,0,0,0,102501199,0
2018-03-14,0,0,0,0,247601332,0
2018-04-01,0,0,0,0,190560463,0
2018-04-02,0,0,0,0,61959729,0
2018-04-03,0,0,0,0,115085174,0
2018-04-07,0,0,0,0,120718792,0
2018-04-09,0,0,0,0,170923373,0
2018-04-10,0,0,0,0,3339483,0
2018-04-15,0,0,0,0,288364064,0
2018-04-17,0,0,0,0,29486058,0
2018-04-24,0,0,0,0,294829579,0
2018-05-10,0,0,0,0,125132014,0
2018-05-12,0,0,0,0,26327622,0
2018-05-15,0,0,0,0,75185632,0
2018-05-27,0,0,0,0,197315818,0
2018-05-28,0,0,0,0,250931084,0
2018-05-30,0,0,0,0,71243598,0
2018-06-06,0,0,0,0,35263057,0
2018-06-07,0,0,0,0,71891065,0
2018-06-08,0,0,0,0,10985023,0
2018-06-25,0,0,0,0,233885042,0
2018-06-30,0,0,0,0,155441864,0
2018-07-01,0,0,0,0,17757556,0
2018-07-04,0,0,0,0,179663427,0
2018-07-13,0,0,0,0,208957283,0
2018-07-22,0,0,0,0,249309915,0
2018-07-31,0,0,0,0,210273060,0
2018-08-01,0,0,0,0,174829618,0
2018-08-02,0,0,0,0,269405833,0
2018-08-05,0,0,0,0,124824335,0
2018-08-28,0,0,0,0,150279331,0
2018-08-29,0,0,0,0,3444976,0
2018-09-12,0,0,0,0,78574044,0
2018-09-15,0,0,0,0,13871994,0
2018-09-23,0,0,0,0,56934529,0
2018-09-29,0,0,0,0,3549248,0
2018-10-03,0,0,0,0,251103425,0
2018-10-11,0,0,0,0,5774202,0
2018-10-13,0,0,0,0,219451557,0
2018-10-19,0,0,0,0,168963498,0
2018-11-06,0,0,0,0,108677590,0
2018-11-07,0,0,0,0,104654233,0
2018-11-10,0,0,0,0,246774439,0
2018-11-20,0,0,0,0,60905140,0
2018-11-26,0,0,0,0,240203280,0
2018-12-03,0,0,0,0,192660943,0
2018-12-04,0,0,0,0,28666978,0
2018-12-11,0,0,0,0,31852104,0
2018-12-13,0,0,0,0,218798810,0
2018-12-20,0,0,0,0,39206993,0
2018-12-30,0,0,0,0,217267909,0
2019-01-01,0,0,0,0,128935810,0
2019-01-22,0,0,0,0,168568401,0
2019-01-23,0,0,0,0,140347314,0
2019-02-08,0,0,0,0,15490872,0
2019-02-09,0,0,0,0,169565885,0
2019-02-11,0,0,0,0,176093036,0
2019-02-16,0,0,0,0,211361502,0
2019-02-18,0,0,0,0,58641105,0
2019-02-20,0,0,0,0,123341752,0
2019-02-22,0,0,0,0,182662128,0
2019-03-02,0,0,0,0,253020015,0
2019-03-13,0,0,0,0,188956076,0
2019-04-08,0,0,0,0,86551151,0
2019-04-19,0,0,0,0,285581663,0
2019-04-21,0,0,0,0,22399394,0
2019-04-26,0,0,0,0,212306316,0
2019-05-14,0,0,0,0,31191069,0
2019-05-17,0,0,0,0,120279975,0
2019-06-12,0,0,0,0,145224126,0
2019-06-13,0,0,0,0,37442265,0
2019-06-14,0,0,0,0,150814561,0
2019-06-20,0,0,0,0,162174258,0
2019-06-24,0,0,0,0,172777020,0
2019-06-29,0,0,0,0,27766234,0
2019-07-04,0,0,0,0,83770240,0
2019-07-11,0,0,0,0,231252388,0
2019-07-20,0,0,0,0,143562267,0
2019-07-26,0,0,0,0,55925700,0
2019-07-27,0,0,0,0,75842069,0
2019-07-28,0,0,0,0,69386930,0
2019-08-01,0,0,0,0,122221011,0
2019-08-06,0,0,0,0,118295657,0
2019-08-14,0,0,0,0,137789193,0
2019-09-22,0,0,0,0,173997441,0
2019-09-25,0,0,0,0,270648342,0
2019-09-27,0,0,0,0,91782174,0
2019-09-30,0,0,0,0,251683435,0
2019-10-19,0,0,0,0,85781884,0
2019-10-20,0,0,0,0,193361454,0
2019-10-22,0,0,0,0,100240692,0
2019-10-31,0,0,0,0,157380603,0
2019-11-17,0,0,0,0,210281801,0
2019-11-21,0,0,0,0,60511979,0
2019-11-25,0,0,0,0,239125709,0
2019-12-22,0,0,0,0,136006834,0
2019-12-24,0,0,0,0,275248044,0
2019-12-31,0,0,0,0,184080708,0
2020-01-02,0,0,0,0,65064151,0
2020-01-04,0,0,0,0,203923901,0
2020-01-05,0,0,0,0,145642638,0
2020-01-07,0,0,0,0,231827283,0
2020-01-08,0,0,0,0,179558304,0
2020-01-10,0,0,0,0,116845511,0
2020-01-13,0,0,0,0,87435022,0
2020-01-16,0,0,0,0,246701374,0
2020-01-20,0,0,0,0,263308023,0
2020-02-11,0,0,0,0,63093200,0
2020-03-03,0,0,0,0,227096939,0
2020-03-04,0,0,0,0,223240215,0
2020-05-23,0,0,0,0,92831936,0
2020-06-09,0,0,0,0,222541971,0
2020-06-20,0,0,0,0,7057494,0
2020-06-29,0,0,0,0,138381547,0
2020-07-08,0,0,0,0,249696819,0
2020-07-14,0,0,0,0,108273986,0
2020-07-15,0,0,0,0,286632223,0
2020-08-07,0,0,0,0,286448400,0
2020-08-29,0,0,0,0,162090523,0
2020-09-09,0,0,0,0,41629283,0
2020-09-13,0,0,0,0,92886580,0
2020-09-19,0,0,0,0,216431309,0
2020-09-22,0,0,0,0,82489784,0
2020-09-23,0,0,0,0,177044378,0
2020-09-24,0,0,0,0,178209615,0
2020-09-27,0,0,0,0,244805471,0
2020-10-07,0,0,0,0,4000314,0
2020-10-10,0,0,0,0,97941325,0
2020-10-17,0,0,0,0,191347431,0
2020-10-18,0,0,0,0,62246570,0
2020-10-21,0,0,0,0,255786587,0
2020-11-01,0,0,0,0,204317580,0
2020-11-05,0,0,0,0,107492955,0
2020-11-16,0,0,0,0,10080531,0
2020-11-28,0,0,0,0,7540737,0
2020-12-16,0,0,0,0,158921117,0
2021-01-18,0,0,0,0,243706225,0
2021-01-22,0,0,0,0,191708051,0
2021-02-03,0,0,0,0,50751437,0
2021-02-07,0,0,0,0,252461266,0
2021-02-28,0,0,0,0,44859973,0
2021-03-12,0,0,0,0,251443378,0
2021-03-22,0,0,0,0,20088484,0
2021-04-24,0,0,0,0,234155287,0
2021-04-27,0,0,0,0,122922618,0
2021-04-30,0,0,0,0,101907022,0
2021-05-05,0,0,0,0,221371022,0
2021-05-08,0,0,0,0,136467437,0
2021-05-20,0,0,0,0,217466169,0
2021-05-23,0,0,0,0,182226488,0
2021-06-13,0,0,0,0,138060126,0
2021-06-15,0,0,0,0,132664681,0
2021-06-24,0,0,0,0,218042358,0
2021-07-16,0,0,0,0,252830111,0
2021-07-17,0,0,0,0,236613305,0
2021-08-06,0,0,0,0,212425152,0
2021-08-20,0,0,0,0,96997476,0
2021-08-26,0,0,0,0,125219615,0
2021-08-30,0,0,0,0,253079492,0
2021-09-28,0,0,0,0,286468920,0
2021-09-30,0,0,0,0,226001659,0
2021-11-16,0,0,0,0,45307757,0
2021-12-20,0,0,0,0,13834098,0
2022-01-21,0,0,0,0,253251100,0
2022-01-24,0,0,0,0,187710191,0
2022-03-13,0,0,0,0,162806523,0
2022-03-22,0,0,0,0,80894593,0
2022-04-15,0,0,0,0,245496496,0
2022-06-05,0,0,0,0,83893347,0
2022-07-02,0,0,0,0,162779966,0
2022-07-12,0,0,0,0,40087774,0
2022-07-21,0,0,0,0,214134999,0
2022-07-24,0,0,0,0,101375252,0
2022-07-26,0,0,0,0,209870182,0
2022-08-04,0,0,0,0,233865145,0
2022-10-30,0,0,0,0,294025994,0
2022-11-10,0,0,0,0,248498187,0
2022-12-09,0,0,0,0,169492165,0
2023-01-05,0,0,0,0,170096161,0
2023-01-17,0,0,0,0,141098772,0
2023-01-21,0,0,0,0,202186331,0
2023-02-01,0,0,0,0,140540767,0
2023-03-07,0,0,0,0,185056087,0
2023-03-08,0,0,0,0,112521937,0
2023-04-22,0,0,0,0,164156279,0
2023-04-26,0,0,0,0,68351164,0
2023-05-10,0,0,0,0,94172211,0
2023-05-31,0,0,0,0,87818029,0
2023-07-24,0,0,0,0,250349668,0
2023-07-30,0,0,0,0,135189004,0
2023-08-10,0,0,0,0,217429145,0
2023-10-15,0,0,0,0,25873227,0
2023-10-16,0,0,0,0,107330111,0
2023-10-18,0,0,0,0,168749204,0
2024-02-15,0,0,0,0,119084898,0
2024-02-23,0,0,0,0,147387976,0
2024-05-14,0,0,0,0,82989506,0
2024-08-22,0,0,0,0,10401914,0
2024-10-23,0,0,0,0,117905408,0
2024-12-18,0,0,0,0,257971730,0
2025-04-17,0,0,0,0,276856877,0
2025-05-17,0,0,0,0,181272040,0
2025-05-24,0,0,0,0,228258146,0
2025-06-12,0,0,0,0,148701823,0
2025-11-05,0,0,0,0,218239746,0
2025-11-07,0,0,0,0,17116413,0
2026-01-30,0,0,0,0,158671163,0
2026-04-26,0,0,0,0,203032577,0
2027-06-03,0,0,0,0,114168299,0
2027-06-19,0,0,0,0,217784238,0
2027-07-02,0,0,0,0,136979813,0
2027-07-06,0,0,0,0,95201156,0
2027-11-22,0,0,0,0,218450801,0
2028-01-29,0,0,0,0,173447123,0
2028-07-20,0,0,0,0,102383922,0
2029-11-03,0,0,0,0,183339539,0
2030-06-05,0,0,0,0,208361443,0
2031-09-24,0,0,0,0,255491068,0
2032-07-06,0,0,0,0,165047394,0
2036-04-01,0,0,0,0,181772967,0
